0.19568325359934563,-0.04429317216593873,0.23783334358996366,0.15557432515831787,0.24745293214328068,-0.026743002280945373,0.0923607517606966,0.0848909472309971,0.2546600084558045,0.036313665158202356,0.28276433092511066,0.08193234092302637,-0.013944186110962924,0.09903581057626405,0.1904288795936669,0.07351619900944281,0.3311529445635532,0.34960786590985327,-0.05779037584583258,-0.039649291664794424,0.06987680890091084,0.1120920904982327,0.010230318654386212,0.06876516562381005,0.33414588956714253,0.08930967953982702
0.8941656225680242,0.9597859918135868,0.5750428041028849,0.9481141053862261,0.7534791274342483,0.8817108015006102,0.8915837317392041,0.9132013041838718,0.9489643049029047,0.8809675397304481,0.7151253364288027,0.7696301142808581,0.5920650666406946,0.6762987695116539,0.9485813623773761,0.7929122004287326,0.9510609266414517,0.8065743914043234,0.6796997061538945,0.8209775898664444,0.5585149716488024,0.6668849705563937,0.5362834909919855,0.7491126003810019,0.7191437515105206,0.5954017889144164
-0.13421813697526327,0.17190600604049394,0.1481653923626834,-0.2052418005903042,-0.1862890219552847,-0.19725098552541323,-0.1424236444707624,-0.09374406528804814,-0.07288873077542851,-0.18143290348332636,-0.006309846522862756,-0.18524012111749424,0.10642899646727638,-0.09995776836578837,0.021227964614988673,0.0787201516948816,-0.19514968958254528,-0.12013520371098886,-0.028817542362825962,0.21995963519494705,-0.24352582347100157,0.1425959978231171,0.19145930233639327,-0.1466800631662562,-0.23651212857264328,-0.17828151829707284
0.8175052939053683,0.7568629938935048,0.8745772543449184,0.4946608666019607,0.6913747054082361,0.8822615058140602,0.5547577821122006,0.8730315817863026,0.9405331877445401,0.7043521807141082,0.4592751921368237,0.7271450212976236,0.4784865173448279,0.5005046064231078,0.4789824365776669,0.7358190897097656,0.43674181124447325,0.6643743787666847,0.446675797611189,0.5107607722219515,0.46361077676586787,0.7436364194370381,0.8821152651937105,0.7207215428944718,0.5198464199967401,0.7183684973878598
0.5298789097267474,0.49223944268335523,0.507742953809255,0.9367781700291702,0.8745949684669989,0.8132515798921491,0.9266739403787186,0.7928609296642943,0.5065590247356163,0.8933226164296522,0.6221901301430444,0.49787339448005485,0.8695009810461459,0.8049869821070789,0.6882281909411054,0.8447870596368594,0.8146520658448071,0.6928381216379166,0.8055864732253416,0.7010025288755455,0.8760440232555463,0.46814870648069584,0.8309398790198327,0.7312087341034867,0.9067227701745991,0.4608595013098724
0.7588456103096142,0.7734565537271537,0.7475559987157524,0.5588017584410057,0.45929723528390626,0.7707887744797678,0.5338543801733105,0.6220875162057755,0.5450596918858109,0.7692287321032636,0.5493315746416184,0.8978426487145591,0.7600440757800867,0.6982634250976829,0.7360329730989968,0.8657711905937029,0.47840119631351286,0.5790528771701957,0.4510938988682031,0.5065556643338828,0.674543511312065,0.8014230658831512,0.9053915916745852,0.5501616625166893,0.6152244035270684,0.7171665957694584
0.2625838252572376,0.14416238839419065,0.06716781630397023,0.33734530333871426,0.2765646289343012,0.1551030302492246,0.1770421427579339,0.40959572949692963,0.08162441881119942,0.4269380697049191,0.2532997074544555,0.46765987202656406,0.3021474827252149,0.18025415601244,0.42462038704240046,0.16581980888243722,0.45803105300580776,0.37037205539808177,0.5119943925123821,0.059775039240542865,0.3341768033070375,0.13348287587673388,0.22905813821220872,0.12752036964160576,0.27789758494194644,0.25101622632460435
0.8315748494269134,0.7595685103443863,0.8109174896545418,0.4760845050547161,0.6194662488798057,0.8456053928405153,0.5685012579535199,0.9209940958593392,0.9139401232272677,0.6254249743099455,0.679350243698841,0.6031283682892635,0.5018848605770541,0.8169922720930801,0.7435670841416763,0.7071440480190286,0.7135404626166604,0.913879873951382,0.7519571972250327,0.8472690866204753,0.5107319673347618,0.8540416991585055,0.45821413214172074,0.9305039770113362,0.6619940586861874,0.7291907793274436
0.4648301941012687,0.7707454599479782,0.5032348901336764,0.5522475490063691,0.44079368802453106,0.8193529662889529,0.512419152919132,0.5801963024121646,0.5356031533840504,0.8011304783962278,0.7888567759553589,0.7535564157403016,0.7019071368505436,0.818932645236695,0.4086440553113725,0.8360246405201022,0.6725821607240001,0.7651914056449742,0.8049732304827693,0.7230107740157131,0.8206922882536792,0.8006798554704255,0.6975306768883898,0.5532869472176618,0.7557562141178858,0.8429904513799147
0.8273319948053114,0.6889731957855715,0.7859576424248136,0.8815352791211108,0.9077744562195749,0.41551614690398797,0.8366673966924053,0.5933887592478568,0.5333371926908348,0.8779277278060197,0.4959611698482145,0.787913788273976,0.5997627055989125,0.8669723077518359,0.40335755860251954,0.7259158201748304,0.7149690982702962,0.4661684957290468,0.4821472245107419,0.5909329878931904,0.759275511106664,0.8207406682786684,0.8330311065111128,0.5814043825403286,0.4853243726623917,0.8047547246254858
0.5968696539598598,0.6974317308085358,0.9067756724242475,0.5196677273387535,0.9344167161739162,0.8360196707136789,0.7426699394888077,0.7464498470416112,0.9481923582899997,0.828142404929165,0.8926546478532322,0.5315368538107812,0.9149942780146444,0.5019100389783289,0.6690600255787925,0.602896892428244,0.6623382881102139,0.5345305709427525,0.5701493409594328,0.81542643396555,0.4945100430542401,0.5087685860328826,0.8131610793108507,0.9301223010925284,0.8968642819499845,0.8076717667557912
0.5397789477050512,0.9347284327047997,0.7540060577618243,0.7598362403200826,0.4744008731963938,0.8237561656071211,0.757396085440819,0.5473398594022844,0.9077982596486295,0.5082126129589511,0.678952962132824,0.776574502200083,0.7211293914504313,0.6500406154698217,0.7587528049189574,0.8281909555523512,0.7514062466606367,0.5150407277703641,0.624014702816021,0.4496728915701991,0.905433311372605,0.8425114187902577,0.6337059641375077,0.7497789797590176,0.7174580731573036,0.7451817767962761
0.295763178405848,0.44983501382083574,0.6699999053191623,0.25126099860632173,0.45937787969028787,0.5043176540153833,0.30040274980792697,0.7084838474270759,0.3675104190437231,0.32803835333440057,0.45062313567485257,0.5119486038711004,0.6739145650331794,0.5605554218264989,0.37016023500159406,0.661674412417675,0.3149496610112233,0.21629960237753648,0.603403822714169,0.6757484146406052,0.27040212169910255,0.3795007761729116,0.33885348307508695,0.28331412803664624,0.6469145756319541,0.683912209195501
0.39956472225796796,0.4540672337175592,0.35144057985892097,0.5566537744641358,0.5134022665657223,0.6708530414306576,0.3575353454165189,0.5838268776720152,0.33349347003928553,0.5525746698867529,0.6079485890784787,0.3250479590280022,0.6833884632797577,0.531500075585839,0.5334056200461053,0.466906334172268,0.4594825684640631,0.46689790437920453,0.45595167897792366,0.40267250987396486,0.5448483301591941,0.3463474695788907,0.40815582261444056,0.7421704128095821,0.39125151852451345,0.6082031108523165
0.7646724298724591,0.3616304594485061,0.7071949008779107,0.654116986070607,0.773860749795193,0.4387128141363445,0.742780146549676,0.6027643879000144,0.572503774876844,0.4012130162458791,0.5452335145424777,0.5613065474095105,0.5243766672363617,0.7630731311230233,0.5191571354536351,0.44427462388432426,0.6547108315715225,0.7772428315023524,0.47487148942733,0.5657114124732047,0.5228240235130317,0.574182152996579,0.362204582230286,0.7738435169738335,0.5198938255631551,0.6448503673545228
0.8677641988562765,0.7795734864438006,0.42528492935891427,0.7176122988305376,0.7557833528838928,0.6264321203517182,0.8723894711238833,0.7326193286416575,0.5128760297633279,0.48234968295866953,0.6684154883588931,0.7692355842505781,0.9149738059102195,0.7948394660939756,0.6759176638489813,0.7314235898846686,0.45125241797520443,0.8751403314624439,0.5925006626001966,0.8810610145146743,0.4662073636800004,0.49321539619507015,0.8280537531702973,0.5688782090958243,0.46119365105343735,0.6837745382318218
0.8858439559182633,0.7041890743361391,0.7477922695523236,0.5482336488952839,0.9893066640179972,0.7633681153017893,0.9721317338644189,0.5412014577712984,0.5981535407603016,0.9805493532747034,0.7118049091442349,0.6209147677007838,0.858105085857929,0.9159410347420793,0.8685400792509231,0.9870600814481535,0.9600854184045899,0.942835860256997,0.7524671607640284,0.8022023658619553,0.5309480847430227,0.9615778531481203,0.7310237287772585,0.6806639459816648,0.7999239937867867,0.9502157312886025
0.7160977062989504,0.5650383009845795,0.8563911242859625,0.8314534578659004,0.7856320892032539,0.7596308359949238,0.8102115632014529,0.6583259231078271,0.7413869630588982,0.7578844744897452,0.6830607007347296,0.5761918731646889,0.9692334951300912,0.6871308511072636,0.8354022463913655,0.9462623090736693,0.5938278327207489,0.9598244951487342,0.9566023926972114,0.7430260381641548,0.6328107525138709,0.8504399003302866,0.8076099757454771,0.847649765531093,0.9619383489666397,0.7174231730031065
0.5576703973416645,0.866508647748322,0.7239295925362484,0.48226541620075897,0.6341292888149082,0.8878314341700915,0.6095619260054249,0.6800096566981578,0.49488918864608855,0.5360155909172755,0.8289772764175677,0.6224626955864667,0.7655796785816303,0.6450928521244579,0.6838900492637875,0.7583712119166988,0.6022765066388217,0.9272035078826141,0.6972600342916598,0.8824397732726371,0.8521693243952742,0.5030567782171002,0.8504415605148334,0.6284540674082988,0.5807703123799433,0.7963336705086762
0.7734525870165606,0.3736052653802076,0.7714386550045699,0.7407418176014927,0.4940521946965117,0.5845154671829296,0.44746133883840167,0.6385772041578566,0.38120306061060044,0.5161879731303537,0.52969264718922,0.7521281278946498,0.64195017326682,0.4236377219289705,0.7775618096127785,0.3522970804667233,0.3371325353951152,0.6117753026924913,0.49229028831194827,0.7627879496584743,0.4588539656376914,0.41854577244267027,0.3884673722877462,0.34677308134247864,0.7536600044422671,0.409792061674359
0.5545589995370384,0.5686113221716514,0.47854063485274495,0.5071047466760358,0.27707383078589265,0.3585845176204319,0.3794498111301289,0.24893050642367645,0.474658065551666,0.3187369829444696,0.5693515141636144,0.2611745561553405,0.632337693550314,0.5730371407863628,0.3740353074403204,0.3800568621004165,0.5473788185851328,0.2015845709212093,0.3346798067666546,0.3459948522998446,0.4523633378883455,0.3258227706161595,0.47585458128988706,0.35733526296267304,0.3584923919597204,0.2847652075856447
0.6002487519751016,0.544003899260906,0.408502229008137,0.5374681990784784,0.3993371533275041,0.3011673893458539,0.5461980143690657,0.5108068939620046,0.2995130012551726,0.34540323389173705,0.5560608103557023,0.3591415515820169,0.42201890881214144,0.37366205161400623,0.28686598694447446,0.2944575913717983,0.5063362358150257,0.5397719633736139,0.6729906004627505,0.35625555557680266,0.615384429522747,0.6249686456679932,0.4629187744754143,0.29741369335355716,0.38599757060370915,0.23705466106111617
-0.07498145889124672,0.26704833299703673,-0.157486451806783,-0.19067205824905967,-0.1424352482950064,0.12602601116091422,-0.141538737283783,0.14016620918262204,0.2825149273518101,-0.1351830335173926,-0.04818619845753367,0.09043431030026167,-0.17664042317500891,-0.20334825948069146,-0.1733060883890322,-0.014307060150506489,-0.16574288850863053,-0.022632093899148296,0.1400047462617344,-0.06855114496221264,0.23598806491505053,0.1082049765710562,0.015593639392758384,0.07843087290736268,-0.1024422030313904,-0.040547619525981946
0.555867067252885,0.7302128449813178,0.7653884455120538,0.8078470758878157,0.6177314405975899,0.7261360812069604,0.6628676749441953,0.5390371802829087,0.6078519168651998,0.5584768848818277,0.8449391284181869,0.6408971820051088,0.9231606622534987,0.5564746071101867,0.599778045463336,0.5150716997809772,0.5093766955130874,0.5329113788633026,0.9301337317212419,0.8018468923814388,0.5327283074993109,0.6951818298883771,0.6395200669487437,0.5377314741481288,0.8939148640252083,0.8035119999171307
0.9411454552362468,0.5617567576552128,0.856376288206791,0.7452677281529244,0.9512607914024187,0.7064592093091796,0.5383096795920861,0.7558581021419456,0.9733386135123622,0.7559845661384089,0.8155954378017478,0.8939491963132281,0.6542344892707996,0.8118994009060436,0.7267189027572729,0.8751035307524041,0.8340177151170333,0.7885007310210261,0.7205355874255808,0.6265134621972894,0.6756661243722755,0.9386260917412582,0.6626926843338337,0.6372168931983101,0.8182945886224772,0.6559627827303302
0.47892664880038155,0.575894001869027,0.4434335549875362,0.5240517965512808,0.8036232842759274,0.87123475400745,0.6547226109817725,0.9020888726260575,0.6512311994795,0.6273799094523482,0.5382017661166887,0.9337718761903641,0.4827021260849772,0.5029043098933044,0.5508829696049369,0.8460268494934818,0.9074411895349257,0.6425794614526936,0.8640936549911509,0.5227425057709321,0.5037184806138331,0.7127526609832756,0.7817509931571341,0.6877453541779824,0.7015235739252595,0.7885567929700735
0.5818255159052534,0.5299481228560408,0.7332829413029897,0.5266744244955294,0.5546903084700803,0.7751930428490403,0.6424664965869198,0.6238576345115286,0.5368437679506601,0.6674454807566962,0.6833081889662121,0.7854901349200983,0.36516048326224815,0.35837865348221143,0.5416117068329561,0.3760890039908957,0.7132845062551327,0.648442231407296,0.7177369520946528,0.49412512003584824,0.6989850253401659,0.47558663381256283,0.5620798955065031,0.41282898006950863,0.5349572355844227,0.4614962075600788
0.5783168418066069,0.8154720155840425,0.8369555943527844,0.6652121148768857,0.9183087586234338,0.7241300620731214,0.6410816277295835,0.6694159709761746,0.8449404936542299,0.5024123442539525,0.9088907167611783,0.7571124407017368,0.6842068484869832,0.9196678172047301,0.6480801544637472,0.5219924268435413,0.41991404985368846,0.7200709605501946,0.5331798589365209,0.8665407351031555,0.6272738100406847,0.6317983260116008,0.4831871978281036,0.7840438369795625,0.6158002605579769,0.4942890969380582
0.7833443914174315,0.9190938263246655,0.7149886643302066,0.6233238307502939,0.5963739437483012,0.6138296018251255,0.5896958858688569,0.5722471697829155,0.9219664586166939,0.8236738713272207,0.4527742566863137,0.9244099682199347,0.9067166543816482,0.5197228872067158,0.9158926387794214,0.5617012304404992,0.4910052919716231,0.5114337054548492,0.9361526685932808,0.8968725528061091,0.8538780221233047,0.4767571155285084,0.5919826432697798,0.6471416911171757,0.593835008525536,0.9111505783323186
0.703237570752196,0.7617732206829739,0.6530972584956872,0.7607639433275512,0.7091894198900796,0.6805289789268453,0.6587306299097928,0.8906338357861331,0.6007071680417841,0.7605297324239604,0.8829436796768229,0.5971010983419415,0.49469887919688516,0.45045598797980735,0.5684759550268879,0.8011597174228826,0.7937098213774926,0.5293970246919155,0.7048417216242023,0.7432023727170929,0.7988317909128028,0.8087598964937224,0.8279167840546462,0.7136000073107664,0.5298352544088677,0.8588859856312357
0.8493439989907905,0.7643068027040826,0.7658168624088357,0.9768039500961929,0.5443394381475819,0.5506412795418039,0.9770911011501425,0.7424230390370452,0.7354013566590244,0.7106439690909452,0.6502386353467295,0.8304400903241249,0.5685864898299801,0.5847893712315849,0.7627280771063276,0.9313379399716392,0.4936697124481849,0.641053691584085,0.5563587332030517,0.9008182035743355,0.9115152035019167,0.8447432931797201,0.904522701614384,0.5870066571886539,0.5873755462807978,0.6892596783115937
0.9332173080820128,0.7486994512912097,0.8812356432553274,0.505065949525404,0.8596562092977373,0.6246456520739037,0.6168173422904757,0.5640346690420912,0.5625750086466104,0.9289746338334753,0.9222574317773683,0.7540565252909713,0.9272595286870643,0.8458333209065609,0.8018315756932638,0.5126711664473143,0.493279039875826,0.8502021924719216,0.5970041880947478,0.7260911437086343,0.4710486750017933,0.8539769156831298,0.5771395297960722,0.5386431145145308,0.47777313607591215,0.7613623334724144
0.6255452455464994,0.8015200254035403,0.7111163798650556,0.6519985757354733,0.7579869611200208,0.8808497458853137,0.7572238704896714,0.6017695553093685,0.9176380696340172,0.8693422928885177,0.8320530818085748,0.5602874355320008,0.4982932001683812,0.7174088151024197,0.5006362553626552,0.7819767950230423,0.5356390587194668,0.8813153860862247,0.9234487807013628,0.7321762707330891,0.5824664377759532,0.8168767628479181,0.7378535113190566,0.9098717209836858,0.9506354385365063,0.6607744671646879
0.8852320873395014,0.5471119507833332,0.5326585197600828,0.6635133754005603,0.6073871855454506,0.7007536331651645,0.8016832463036982,0.5647778036747437,0.6175804246284445,0.4759482169311437,0.5961379225787837,0.7890019437298246,0.6173556353049483,0.5248095929655825,0.7722817866899981,0.6608403613841312,0.6281124806589784,0.8143187183285922,0.9262024384170935,0.709928033582258,0.45691872960719015,0.5938229903261217,0.9180200138865405,0.9130286657134413,0.7514401648180578,0.7637793441364791
0.7790772915104911,0.7768896292653493,0.8812154089270439,0.6960982972140867,0.6368869348974022,0.6760689701254253,0.7758760977130943,0.7655257921234132,0.7040853106374717,0.658265539954855,0.5439124659491646,0.7625533265948365,0.5238701662471381,0.6457352350751099,0.8461171902979693,0.7178219866573343,0.8403926484381893,0.5575694458799848,0.931507355782553,0.6778250639461113,0.8751646840901296,0.9182031839712104,0.7172895893733438,0.5000664125241926,0.6796192643425,0.6989961281894123
0.7752513259068713,0.6303319513979786,0.5574418980258457,0.6719938358049613,0.7294862145063309,0.6755546314230892,0.6080985859331174,0.8788428444416428,0.8218892924211418,0.8949245475937315,0.7403439256956249,0.8475365916209516,0.9702676209783995,0.6495354888891343,0.8166256328418103,0.7293485524575755,0.9590501662206435,0.8417129892793963,0.728531950611572,0.9376452458769647,0.984663803942673,0.9341993921894449,0.7900054248315735,0.7671288063791264,0.6457248129849211,0.9425701182545764
0.4768235180764116,0.7743440802352973,0.6171168346805409,0.6287473606423889,0.6333255656205616,0.38876174315770534,0.39808182160210487,0.8399401655529476,0.7589457766657106,0.503527893660938,0.6427581963427095,0.44312418429634576,0.3926952292228264,0.7643355615260441,0.6305809757015226,0.5688924142533115,0.7887087139705875,0.403644092472098,0.608350582994043,0.5736641275493977,0.6956780393466758,0.47103703024929705,0.4341964886321111,0.6498786404154349,0.535946506738316,0.3816007631500257
0.45883665885582336,0.5244092264302338,0.4596424012989292,0.4721600189964805,0.5009131041827878,0.8560350647967486,0.8693544068252349,0.7732154900577772,0.521454555908594,0.48198147101755123,0.575112282135052,0.6747672758128626,0.9107514994174561,0.6181627523908478,0.6848179657539477,0.6374597363986043,0.7851711854870211,0.7905717294663227,0.6482486566696922,0.8566640500908531,0.7089421916214887,0.6280122348991488,0.8313266540408273,0.8498292789540441,0.9041157655245899,0.8259117244197272
0.6662369107862212,0.8544389616219642,0.9832350868881422,0.8237574154204874,0.5358507743295245,0.8276075195253734,0.8550676423843308,0.9268664802561973,0.7364869796023261,0.5576657209741224,0.8701404296127199,0.7938621728313746,0.9829519432863075,0.8088255670656885,0.5346912392095544,0.5634533100998217,0.6730138851775521,0.8699640732180215,0.9625904952979598,0.7127865010769318,1.0166776658630916,0.9512843312083152,0.9591950803759031,0.6807402506741083,0.6116163873132943,0.8454011617255827
0.6757131873206631,0.7817594202251018,0.5622659954738352,0.5248271514601477,0.6644931716498625,0.5146535040232136,0.5393687449545017,0.9335295446060875,0.9726050344857954,0.6767562026168499,0.6538668479863441,0.8731663588018608,0.6461263368054807,0.6974249165582788,0.5732584856323738,0.7441789645332584,0.8835510731049437,0.8437170073819342,0.8753592575669683,0.9227711707589953,0.6578849821366387,0.6666796312307401,0.6082259569008313,0.8619434867159791,0.7387785232275915,0.5248736682705644
0.5421750101539621,0.9130811494548632,0.6996317408705888,0.8867274299885256,0.5013892963404729,0.6185885282237371,0.6895437844957074,0.5741113808564284,0.6874272963127939,0.8732323270517515,0.837829758351775,0.7282859875533784,0.7114368959221914,0.8428576706492957,0.7220713455386162,0.7602273001051795,0.837304467432178,0.7308232601539237,0.7211504512742271,0.5134428962726375,0.5279226532872024,0.6976460011738106,0.7459343657344759,0.9713423829663629,0.5475208175645545,0.7889496150105333
0.8617571150763255,0.9165152271408002,0.43241384248787507,0.8215213314907501,0.7492512605915923,0.6129712743409551,0.5134739930123833,0.6254772221394348,0.6156070914202162,0.66442295611441,0.8944190463633392,0.6846222510014083,0.5941064156754466,0.7680733296837762,0.6785479737371747,0.7742174613386287,0.42038354454046767,0.5141837823601506,0.6264361062397347,0.5506016349890621,0.8469995354692538,0.8837104219473652,0.5625710951386316,0.7198203292786614,0.7884153368399495,0.7954277425080564
0.6806298719139641,0.789153157495958,0.679214968647702,0.5785323093131731,0.5550247953956039,0.7386078276037683,0.861058070157701,0.7010700008014419,0.5744974104556632,0.854335896282083,0.7278799579225173,0.8083908315538478,0.5776071297496986,0.7304085519689595,0.9464738006832157,0.9285025155075728,0.8717412375980941,0.4574717041047865,0.935591594430262,0.702896159785116,0.5600080478986676,0.616760260096505,0.8901712176682167,0.6608215881922075,0.6924975936033748,0.8862062939804033
0.5672794025711203,0.7248453777302895,0.7557190811786674,0.8488851534344308,0.7036244390535891,0.699844760135514,0.9522337098200899,0.7942983457654121,0.6022755536963791,0.6111087705236558,0.5580635865352014,0.6706816261469498,0.799503855229187,0.7545399742547575,0.6151976424069583,0.8338147294597196,0.9199910255897434,0.4527944639933179,0.726520831712477,0.6017554329455652,0.49958102290684164,0.5857242939365194,0.4967730309090971,0.948033433671037,0.7298387469528875,0.4648617873811746
0.37625988516953157,0.38634830968664013,0.6354363924868943,0.7842143546473004,0.44426114070642225,0.5021616339762929,0.5566987485330079,0.5139332231701785,0.4449525130024083,0.6428233757622392,0.7652533320640389,0.5556132743529938,0.4247047710133051,0.5073893751867778,0.6076050574549806,0.7455457088251245,0.7862558759251895,0.6390479063632485,0.4045975991992087,0.6042952596304776,0.7310741530567261,0.6623871923376067,0.7583950668971349,0.6021434412306722,0.6378181131128048,0.6487958737063518
0.6217316571275514,0.7356777287312368,0.5674699423001637,0.862981404572824,0.8765731407682402,0.6229451770057067,0.6698299786269116,0.5462553555088719,0.5454966773263887,0.8700481714908668,0.74106087735518,0.6105830537538605,0.8574777332144642,0.8169623163071846,0.6712161265335769,0.5868916480572169,0.858928066357046,0.5089385817968191,0.6595981757775699,0.5151055157596252,0.675342635798404,0.8259760104921404,0.8479271351223896,0.8097948437367427,0.8237952606469524,0.7546315573546634
0.8614989443499175,0.7961534418856908,0.8733319593632091,0.9694257714898347,0.7726244667122903,0.7694035052881678,0.8843987729117073,0.9149520823008521,0.9387271170987648,0.7964056754217022,0.8169085979759156,0.5559985453378308,0.4953718830196783,0.5764065341349903,0.6415387875046862,0.5885291915409672,0.8634244180636365,0.7995948031550553,0.8595086680504935,0.925932769016125,0.648900074854668,0.6393331435339076,0.6155184816038712,0.561818128506134,0.8095238148740433,0.7497554009560875
0.7094986664918388,0.8309830354721343,0.9504040125228992,0.9520223080657444,0.5334287420480093,0.8287304538904147,0.9805767320168741,0.7230299159285498,1.0524508272281419,0.8756284672087569,0.5112807169118451,0.5780669694583495,0.8756630833128142,0.7493004981551251,0.8582738960516219,0.7040852800044184,0.9105434113428567,0.5389896893893841,0.5448645518843294,0.6804956513591326,0.822109170358193,0.820666812578984,0.8233938473860947,0.5463877727226224,0.6785122684306631,0.7614877470830462
0.5020675592184027,0.5741960011847411,0.438778878201991,0.5189253669082207,0.6130770386019003,0.6706045231433332,0.44563367043400054,0.3078712091071628,0.46450783553779357,0.6704157270621149,0.33166638019213246,0.42364166644725537,0.5978913047717714,0.508305909133816,0.28196788424909347,0.5390702878533011,0.4039196482474918,0.44439792809579387,0.7524097024847197,0.2926820787786418,0.28396726150585727,0.51975051774882,0.4083249669514515,0.666876771440346,0.49594304121192323,0.6864556756017588
0.8478549126001581,0.6148460233711076,0.7129969571974042,0.43932417868288665,0.5382719308368287,0.4197671604581567,0.8305657418114268,0.6629756423790756,0.594169737940119,0.5385792146004145,0.7132461056363666,0.449522802280829,0.6760218662593077,0.6736087268242549,0.8284368175709631,0.5522164730182627,0.7784024795701328,0.6424140333488827,0.6710171202885549,0.8538274077032632,0.7836082970373218,0.8462138946901386,0.8535769900557276,0.8238388875685342,0.5037511782873617,0.45661926617929666
0.9131871171514374,0.8937026515456016,0.5435635547842039,0.7358339432402206,0.7288018061283507,0.526967959586544,0.5175097517706133,0.7356507804974278,0.5406866569441434,0.7910947998421907,0.806222496695952,0.7882914447875548,0.7652662477617619,0.7389544033980576,0.9222713379482163,0.6397055194111473,0.6036157483444524,0.7881175985802609,0.6393749048350664,0.8515057786203564,0.8836258012403664,0.7472932023621282,0.5036091001914529,0.9095457480334913,0.8162525772702398,0.568422279119582
0.7759518260703895,0.8278281117368282,0.6801672046364818,0.4781787109334906,0.8525971912953101,0.5732510100917324,0.8157333032779652,0.7976792740279156,0.666095311920352,0.5902416236292712,0.7131286428016101,0.832996556843808,0.4605510772012138,0.8147083148867102,0.8208414580511005,0.7426112917474443,0.3958618191188077,0.6782342583164999,0.431678693423378,0.7255000202738462,0.5010201191254329,0.7263498159735541,0.6389212450398674,0.8515835459877604,0.6204373023242484,0.8015977473290471
0.907536077222783,0.5080187009838999,0.8776158596707638,0.619035706335014,0.7473454711826594,0.6057566262304692,0.738876255494357,0.45863501871469553,0.8230328349865906,0.6150382653668385,0.7910828451005193,0.7514395216520108,0.6233150043797321,0.8704592862550217,0.8332939796680265,0.6527941190094575,0.7846512422923496,0.6795138447706055,0.7109234283984697,0.8981622961896893,0.8934081769643529,0.6247657316792623,0.6542867903705635,0.4899893286994072,0.9700814706255223,0.7704737255860812
0.7359442260948048,0.5208368737929454,0.6030311457995532,0.883761099017006,0.8540158332701864,0.45224130919775385,0.7947343645086103,0.6126378226256477,0.581841385123265,0.7739232628042441,0.6465039211331579,0.4658722355813752,0.8471288222009585,0.6035723987074348,0.650363993253439,0.8823629024815902,0.7877669533366383,0.699471339773603,0.8611962280525001,0.7080452023182114,0.8578477611155814,0.5216612474298138,0.7543778024426138,0.9473178240452329,0.8260324410906085,0.9013118148805436
0.8513984296823416,0.89486658075086,0.9815009046648073,0.5847726560728396,0.9023828194476042,0.7699592391555877,0.7827325432632338,0.7252380597104291,0.6931946737054807,0.596263202128631,0.7354818452394347,0.8870165598434787,0.9966285704642053,0.9612048908691594,0.7019590456512806,0.8469845717857343,0.5645298068543411,0.896839321754284,0.9316227322339624,0.7075993492747803,0.6412690345575568,0.7224111829543408,0.5850388878864157,0.7787191660211946,1.048862107405979,0.8286607858079963
0.6946542251608567,0.38349281899411053,0.3456861487540634,0.46857939721130676,0.47567990209540084,0.5560418248314953,0.7989466214467842,0.6647407697412113,0.7424353965211518,0.5936596577679247,0.711080286019222,0.7229365297862884,0.5997045379038535,0.5985471932956591,0.8313349137402523,0.577823363959007,0.6604201985350038,0.5987990906597306,0.46199122927454733,0.6908559359049011,0.5839051329456716,0.5729681857840887,0.4109680117875042,0.48279542075869364,0.43362906980095345,0.6739476318158679
0.6523949459742908,0.7093947789122693,0.5500578372082707,0.7320980037319211,1.021505078907368,0.758681479660009,0.6514816099980058,0.7482617202951257,0.7058950871087372,0.9202749715745109,0.8074102067655292,0.9858340719212834,0.7436819084637251,1.0083766169040895,0.6141314271495109,0.9653798198165798,0.5470627560920288,0.6726814666284583,0.7084612922344287,0.5227131157921289,0.6722684502040077,0.7175540950803081,0.58292512972347,0.6394876408190375,0.9244473589092179,0.7978039908490073
0.5229395546922732,0.8410946328388775,0.8583280363866711,0.8973322150779236,0.6771904304975515,0.8607418115865629,0.5007006107404797,0.4670649235175978,0.6273252674274171,0.613234974151831,0.49688425954694243,0.8090752411565869,0.6354454533341539,0.7689665400888379,0.7497237684967905,0.5751301726930249,0.7240988993251469,0.672457059273139,0.49216323524057676,0.6890075220013266,0.8348316786607328,0.47352541918467933,0.7130884465467825,0.7858105910314691,0.6722963369948486,0.6499134178900975
0.5485771791843305,0.699296748735503,0.7571105195295944,0.46904085519906935,0.6138970837672079,0.6113180274878343,0.9087346130041764,0.5754776079052553,0.696824322204791,0.6721586060649619,0.4544947816000129,0.7193507212795406,0.8177308335563003,0.8329824951279071,0.6969019051539467,0.5209027474116923,0.6035983141817679,0.8277336752717632,0.8566330053651431,0.77090835061081,0.7767719552046681,0.6778654592723228,0.850466310749872,0.6825786074900196,0.46938199177979945,0.4340434271245647
0.6424342484450383,0.9030929759733637,0.9172700155006555,0.7671569785900048,0.7614713927566136,0.8970179724029601,0.5044291886547977,0.6411338061100834,0.8774771944315434,0.5996764022639416,0.745408369805474,0.7418734776376562,0.7944941518845586,0.8063430299199081,0.7855020953338259,0.7771298884868134,0.6095842993966707,0.8358079876746789,0.843999655626927,0.4938316322697113,0.8636034209390168,0.8114005628706779,0.8764802578838586,0.7310116150916652,0.7918244136441173,0.9317979710536368
0.7230085256925443,0.5060329642938601,0.5431550541997451,0.5086670961969024,0.888115782021962,0.8176794983525651,0.9172822774347611,0.9441722987241389,0.8031075575488952,0.8904033369017309,0.7029242158346095,0.6467040889860921,0.4840043410362786,0.7776720490287792,0.5853111790629909,0.6007647725299001,0.8043814193434994,0.6844942248117513,0.6566492394029758,0.6258036991044964,0.5312832058199515,0.7776153226892205,0.7384482102958191,0.9330523810996798,0.6944035555114988,0.6656289037367304
0.6855051101901799,0.6304337282412178,0.4898878571930038,0.5997412138472972,0.7153756973042414,0.8819160052384796,0.8497048134205487,0.5818266135388449,0.6831340439038511,0.890424041378215,0.8124517070283215,0.9543394527165107,0.8117432163994232,0.639622578623358,0.8747631966788247,0.5072879298983546,0.8726405724478102,0.8336801517608788,0.4629535276741891,0.7181616637398761,0.528916143710219,0.5212961148314654,0.9372334785048267,0.5519579402641038,0.7726188385177862,0.8806962036003634
0.5676084646558083,0.5919605540858556,0.8860749240596183,0.6689679791898838,0.705915421871174,0.6957177466883347,0.507907629821749,0.9197801143734826,0.49491716189061763,0.8209970677990817,0.4545009244592272,0.7685187094443887,0.8237219593452116,0.9136929388951072,0.715938729695267,0.5164978222363257,0.5125399091317361,0.5105518128975765,0.6270189673577363,0.7269317963615645,0.7803953096395516,0.5791034443717922,0.5143194209365929,0.6731514388974343,0.48525009080014714,0.7953985480933413
0.9960706103255677,0.847446797020788,0.606650880112625,0.7720266542510026,0.9139424834632677,0.6728248089073667,0.7772196176781275,0.7288225106335566,0.6104635249513768,0.8564176080677228,0.6261477480229717,0.9431479467258942,0.808042443430605,0.9899586673320919,0.8105899547964167,0.7477564255706559,0.7507497746587805,0.8123854761053115,0.8121676575929399,0.8687950191622734,0.8357754477896812,0.7551584204867725,0.8144215009851677,0.668879001138664,0.618115894085593,0.5358696536286819
0.5714656906712744,0.9117924183276086,0.8023166092063962,0.8212812788831892,0.9190036273111849,0.7452605319162278,0.5642950216966451,0.7767105959792485,0.7914090913635197,0.9488750130347027,0.9187743775179368,0.47704131345282547,0.7964176494153988,0.8778732947966331,0.5155608001545157,0.8578343545278387,0.7159502729897056,0.8685766240845653,0.6085239666804914,0.8676748990696417,0.9007658008250629,0.726509256324861,0.8363909159867853,0.6965495132803109,0.791004324821834,0.6596541545093626
0.8777716701854023,0.7077282287470148,0.5412786614223537,0.8929135769293151,0.7285381106863261,0.7679469177772441,0.4720818436662927,0.6222209718258864,0.8815865678842552,0.6758666956658366,0.4998072806148043,0.49079373671259313,0.4502250189769486,0.6020280444155014,0.5886798461064405,0.9132843970484482,0.825779682651917,0.5726132711278877,0.7526372829836843,0.7841992938482284,0.8061923496088305,0.7628630557420127,0.8500113695522584,0.8231568425582495,0.7390734039340017,0.44420311332145307
0.4950636780503436,0.6272246268196902,0.389503649454172,0.6245074499564639,0.37865589428773605,0.824164055591559,0.6994205296768937,0.36256720720954055,0.6544516241919731,0.523765998166268,0.5984338062640189,0.37448004036583105,0.7195304995457966,0.3886774019658286,0.670719799052968,0.5622875233677206,0.39909332149331994,0.7473010404627932,0.6347681762597625,0.6377319147694674,0.8268181272031798,0.7891540537275706,0.5722777426915404,0.410613721487402,0.699062790824116,0.385650400878341
0.7774427007425705,0.4566833494061199,0.7925549325649539,0.49344958803004657,0.6417128079315121,0.714635869315789,0.7780017418394047,0.5905613600436865,0.6774581885553872,0.59651134521439,0.42744336777203734,0.4372306430619891,0.36139152603979047,0.5784840993576281,0.5583835971421092,0.5819903838571516,0.5165897203532185,0.34876076412817786,0.4666200242396826,0.45646710187885636,0.636795318380141,0.803939867129913,0.7605566804424867,0.4794096997361806,0.7417744786223722,0.743137719871715
0.6504418157507295,0.5575226084540392,0.9138362410317316,0.8519002155171272,0.7541214714615554,0.5189625447377434,0.6366017965950929,0.7629715033047022,0.8530966963993151,0.7273001802345518,0.44611008569669175,0.4756026226420875,0.6400619468875106,0.5283182754144093,0.5704853146079728,0.8641895769390864,0.7779374931512625,0.641699970852802,0.8658185417770795,0.6124674377994385,0.48147515066292673,0.48992551762203346,0.870546823639147,0.7261198062635114,0.5418189212587573,0.4802652242210263
0.5086036600185401,0.5817501690641611,0.7626884300495549,0.8730468220936269,0.6192588968665671,0.9036056094400123,0.9397601510929766,0.7465252956128426,0.6572926891782728,0.5238462581963638,0.9304551938072484,0.9609676127158081,0.6309251336170631,0.69387008756692,0.8635893375066962,0.5717133219258831,0.5432900402140255,0.7905551853415392,0.7011320232019905,0.8601373643488887,0.897200967365611,0.7995529222265222,0.5620481631007614,0.8379175484559716,0.7710347870566794,0.5331988007475958
0.5136014361729502,0.8606458805605877,0.5787709657257522,0.8517368573850509,0.7161894074030711,0.7628409167613286,0.8093678101892084,0.581143541469104,0.9244835825119209,0.890119983788177,0.744988447009624,0.8016676287925596,0.918120170430246,0.735006635798224,0.9596178550781254,0.910759544418552,0.9721762336879671,0.9223344952006681,0.6164074488018737,0.7410747270740132,1.000926252316379,0.694679197015629,0.7787072109720302,0.6939759131650044,0.6638678721178478,0.8011797739698289
0.22428101057450242,0.07691130358789386,0.13228469500986567,0.4695840099348625,0.09035421856492962,0.40030691471125934,0.11412563978345779,0.39620376337806634,0.20036561504120412,0.20598851378381622,0.31999111786672785,0.2840076528324051,0.22548023438509124,0.08546783946334074,0.2985234443728616,0.21575997857918716,0.2632808969848421,0.14286264223920817,0.26738392474855005,0.37943645847136265,0.3978305986052343,0.27075158109277364,0.176053566680695,0.528397845157729,0.06315284227385617,0.4084102507092748
