-0.20154637407880494,-0.5752520358652562,0.21776037167912193,0.8386826185229473,-1.6618111007889402,-1.0729938400192442,1.6661122901745282,0.2082133665109417,-0.9864088905250888,2.37910608219006,-1.6014465441543375,-1.1702037271938628,0.5022676952427841,0.7252167810770259,1.3004632152800981,-0.9897125609459637,-0.32805768914258904,-1.8354273626785471,0.6562626890348152,0.445703830546006,1.6460785343999562,-0.26280508535961633,-0.6256625008142609,-0.2919975819903471,0.7247049747887705,-0.5351639078483528
-1.6260356933401652,-0.03004965614088972,-1.2569314566260585,-0.932656058558437,-2.1014152697818926,0.8892909682186164,-1.7435087548168804,1.3503507832854909,-1.0027668447312514,-1.289575450115693,2.2975711580152507,-1.3793229162977887,1.0746261571713636,1.3402632065374818,-1.6206011293374447,0.3441030504866003,-0.7144401588171558,1.8997819551239994,-0.10466383974485789,-0.15192105171999476,0.827879712424027,0.8294766909702624,1.8176017882872844,1.687152255890295,0.5864621068462148,-0.6111226590544692
0.09553491176781234,-0.9895182118835731,1.5848661151440984,-1.5457348209799353,0.6666057987338057,0.529435605258121,0.08640797720381438,0.04318663568784733,-0.967234576273061,-0.6306780408618627,-1.7461704676154597,-1.2188064033282542,-0.2315641152386045,0.3371513699816023,1.3856404269775813,-0.5004955754889917,0.7775295566806047,0.9106755441619667,2.002690694083044,-1.2654778355459333,1.4071644401619907,0.04869090162124232,0.8539045780562327,0.023503616472119532,-0.3578112395029423,-0.8197985193905019
-2.3121353324158123,-0.8267215937459408,-1.2948584655458857,-0.6217533655038291,-0.8318261894629652,-0.8091273680502956,-1.1868271333744367,-1.529924845487713,0.504719356452929,1.550787171161305,-0.2665124863937015,-0.9421757433297674,0.9558557892158536,1.773628660230286,0.30281211111609085,-1.3084776472398079,-1.6846058985447123,0.06993434278474286,-0.14162712263323501,0.0640905980284064,1.57577485366733,2.0778243445963747,1.7919615633572454,1.2601496007833872,1.6135473297576892,-0.5152019640483578
-0.7964950624185756,1.178526676290716,0.5161630008585657,0.6974117911435267,0.5288224014961393,-1.6012799711838888,-1.447632533872999,0.3682578009317992,-1.2712176265715582,-1.236467327408422,0.10373993208535978,0.7113911385089986,0.8118611688015434,-0.29229262738542555,-1.9212797405748212,-1.0814193545210968,-2.124935215533173,1.4947070145608716,-1.780157449429903,-1.0536019137396881,2.0029713553639703,1.277389760522644,-0.014689097545725428,1.2684134536638065,0.8802897629547873,2.3326398699017665
0.4064896074206971,0.6812741692196219,1.3877112760608687,-1.1534755484985333,1.454506672820197,-1.5747469566761754,-0.464602949806072,0.14407070455760132,-0.417559811416607,-0.4482822078730387,-0.7122148698417874,0.7312548978007902,-0.6034353514810901,1.4566398542187995,0.8686547005155504,-0.5335376251102069,-0.24306788987938382,0.7884499805786197,1.4462354327455638,-1.066203188414279,2.134402673466055,-1.140712374705173,-1.391685940021717,-1.5132039960224126,-0.11270715758517891,0.21818180496849984
0.500365504741479,-0.16699455771690705,-0.5983060472010421,-0.37040511347053573,1.4673085872513336,0.39178952491281066,0.7600592957183482,-0.017198552943852675,-0.609291058053217,-0.015481271170170275,0.8859431713472794,0.09683100105818412,0.720433802835557,-0.6917211366751703,-0.723988004419304,-1.8217960912532207,0.5357452894204,-0.8944703457702633,0.9380773962392266,0.2340868419950934,-0.29312349569314716,-2.5365073830428457,0.7140447430231315,0.9482531702438124,-0.07086246559179608,1.5315710694461933
0.14550765963187864,-0.9845940409013525,-0.9663901402311263,1.587331907341516,-1.5027307814042938,-1.0380365707287977,-0.6601494907499439,1.5676692832450219,-0.47743219606578474,0.32123091380490887,-1.2499253631967373,-1.052190586044438,0.4816729043896672,2.3458863038715636,0.9735776598593135,0.6166288328951223,0.056203069314810526,0.06626930661885284,-1.406782894157905,-0.0984783277867237,1.4389439375273967,0.9769205474839607,1.036691867498701,-1.7618187159460952,1.2501340120613833,-1.214468340002763
0.7588586599426911,0.6467913723816731,-1.7184461340782973,2.008401398213444,-1.2666681521546674,-2.525822776244592,-0.1834303212543488,0.3743651668214555,-1.2447743993002942,-1.9612217761615331,0.08135295011644691,-1.4573441954353827,0.5946502233276715,0.5988661068948427,0.319644836122171,1.7989296837143944,0.8445368499880642,0.22267726851400976,-0.7100841190202122,-0.7408869277830047,0.8874818675482775,-0.29226344829074086,0.38777455874681627,1.0048524530136176,1.1326595475240993,-0.03372890096188299
-1.0759896569165943,1.7811962796480514,1.5234906037085327,1.7487590410026346,-0.46709378074939784,0.36770381449677353,0.9224813499258199,-1.7947806406526903,0.3466947606396497,1.3442543283085453,-1.6138372253981836,0.9903507177250312,-1.3029347069534774,-1.5044173358312114,0.9028486725714902,-0.7557993724575153,1.3527947032982774,-0.9094145691773295,1.011507016408697,-0.3630416732884465,0.6098849264885956,-0.14262826283612595,-0.18220936312574937,-1.4661931558482557,-0.4206290625337939,0.4344045578924085
0.7274848197424453,0.7819240776529358,1.0410501792868343,-0.5702367516269361,0.7496167163859649,0.10669927658164043,-0.17091880926443792,-1.391705475312617,0.6070199399949943,1.5602538953947622,-1.701786568195026,0.22535601711123593,-0.7627593574432794,0.6316875120040015,1.9593006671541562,0.7206053453790645,-0.3231445082011052,-1.1885506773567824,0.9494203123352845,0.8534778230268176,-2.014435691202565,-2.1015756155026977,-1.5589133596816618,-0.30527929747341565,0.34578085219715954,1.2656633586757882
-2.0181956437471924,0.47166926356318317,-0.41489489296462534,0.16607483716191201,1.0561555204409392,1.6007060225505507,1.4514883562064367,-0.9169954831451036,0.6825201013577347,0.882749088506601,-1.3022290139238897,0.457764872288065,-1.1839439495720876,-0.7127750024689588,0.7066260814396819,-0.052322140536967585,-1.230084884024589,-0.9087525145868043,1.9375939500647292,0.638865303454108,-0.05836502601457796,0.5512588752269313,-0.46417724480081773,-0.6925356425595308,1.0782786039951715,-1.4673287030108808
0.05463832107650417,-1.4675802893559784,-0.17543223747722653,-1.2000963443436166,-1.1567215273232736,0.4960641530120783,0.3869404306076019,0.8273786928634882,-0.6461299902718062,-0.5872053419153417,0.32354624672602056,0.8576924650286539,0.9234685558418175,1.577807569585028,-1.3699932894043338,2.0723337772101473,-1.6600352154639844,-0.41233403006817426,-0.7080795748000106,-0.21092318619935813,0.2675314836919627,0.83972548571471,-0.012335709919576473,-0.8342397371143566,2.4632554407961442,-0.5233722992637798
-0.08977370445367762,1.856775195632167,-0.14574295369949875,0.8592536585305174,0.4464921626182124,-0.20368919227082094,-1.773245062389298,-0.05849059738038095,0.884784043272684,1.964301065315044,-1.3283501080325006,1.3597619032476873,-0.8747797536260615,0.3021500542950129,-1.1972523811188016,-0.7855846125858185,-1.1884506951420843,-0.46020554959971555,1.747579251060447,-1.3064161901860651,0.4957272164314865,-0.8604551214753094,0.03584116358812379,0.21201088404288965,-0.8094245966869834,0.9606922813431148
-1.1739118149025072,-1.1478611667834817,-1.0126915480870489,-0.2613136992405986,-0.584679826824246,1.4530759424501707,-0.5285024063538621,-0.09706022825844351,0.14674703854029075,0.28300570040013173,-0.5747097095815658,0.4837357998029792,-0.9575936239390129,-0.9761540279532637,-0.5958076605977929,1.8190161251011696,0.8050165497840182,0.553456149386746,-0.7566914155620628,1.2558969369815056,-0.6641020000988246,1.9597668850635737,-0.47751517382854974,0.4807002031158518,0.4907885059026087,-0.7446534195626328
0.50862213132759,-1.4522020402427027,-0.8607159838320323,1.6793799287338433,-0.796725745162464,1.003295197109852,-0.039897826630911785,-0.30675211233711636,0.8192833967802392,1.4468261989975881,-2.8643886277672745,0.20599135560265483,-1.7946301826785285,0.044660244228860314,1.430225813580515,0.4870116703364254,0.1327079612751622,-2.4444582113929005,0.5494948995812616,-0.5750204273493601,1.5868884018739886,1.1399441763178237,1.0187964252476778,-0.841505339821085,-0.5482828923417142,0.3555836947131276
1.471669085336353,0.4410769905094908,-0.23255931628551574,0.5911297231928891,0.6185279671031173,1.7802867574305044,-1.1546144092019341,1.9710992716564106,0.26965707179573917,1.3600643885153507,-2.0114170049325555,0.11169262381688966,-2.009800693074824,-0.7254116093311439,1.0450251581588557,0.8295929649159142,-2.813474557334504,-0.675278340740751,1.0651082627802644,0.9777520571868353,-0.05801865691569619,-0.5461302770513579,0.2529354272920544,-1.7582263394455844,-1.5208700031122977,0.5137486259780984
0.5198988264561135,-0.3825390330412612,-0.9836034482523845,0.1939788792444552,0.973228296360771,0.29633980127171067,-1.160968603938054,-1.1770294000786834,-0.1652397723285848,-0.5787094235797207,0.36817709090974576,-2.135466492920979,0.2634869742097529,0.22960038745709876,0.012256602487266073,0.9080948572493233,-0.8584975636369354,1.0460546369291077,1.1582395571540294,0.5328474428219367,-0.5674317989048283,-0.22246330179458887,-0.962549732236454,1.2799790359142476,1.5807154243976842,1.2338514171852206
0.11693858377660804,2.251033663403851,0.04262637180740323,1.2961465016270486,0.19357171622019267,-0.5637341908136714,0.6659119288456046,-0.7102490149468167,0.4003096351724648,0.846576611129755,0.27670837527932013,-0.8117224108953515,-1.1853443528434406,0.161886039421297,1.334409108945571,-0.6616776734162051,-1.918097923679239,-0.888072253784128,-0.22270939574561216,-0.16464759929019657,-0.2743834446468513,-0.6385873344604776,0.020403259509883535,-0.4408051411033178,0.22281200334201787,0.8276475172969584
0.6048106494869134,-0.7556602880288164,2.5326242789631945,-0.4511672172498884,-0.07476186229266835,-0.20337747048489585,-0.6031188767098251,-0.22334904095939992,0.13536953976873042,0.37656963932508686,0.8883191380929635,-0.980971387005671,0.22634016434483575,-0.49834355422947313,1.0574107280607437,-0.6532156940864102,-0.4477452645268875,1.8852845326259813,-0.713117057680045,2.42134310669172,-0.7564052025704934,-1.0109079278847781,-0.6961902297686902,-0.6354473171972179,-0.8060217732188673,-0.19549117703554073
-0.566758107091459,-0.8290124599799565,1.9508154149974237,-1.251039013578626,-1.1711341691255592,-1.301024568749816,-0.9053560077757449,-0.7895558466238385,0.4127521660674154,1.6979456226720264,-0.18590680000976517,0.49832368818050743,-0.9706654624808644,1.3824453311646618,0.6003488491968724,-0.49862582663962274,-1.4230002341605918,1.9116014488717412,0.23481713168743928,0.32811506771650834,1.5796931878537799,2.068445185029507,-1.691309379466852,-0.8417171813948363,0.03276665749648035,-0.7917802387253058
-1.2658728015412652,0.7945544298220116,0.3039912890654691,0.464555384130874,-1.0720026365214086,-0.347821360363109,-0.8475751015539001,1.548246906642166,-0.14197590882180475,0.2506369374659648,1.8008577665006265,0.37432398813512363,-0.5527526244003189,-1.371526001693747,-1.4521071986523917,-0.22996202186205836,-0.6569044955908675,-1.4742354210532422,-1.0074019849407152,2.182449458530017,0.7140195357017097,-1.569353372887561,-1.0565632757635175,0.5506041651373837,1.853253175209187,0.8519349532938854
-1.711803981247874,1.0795848417939318,0.6824888445766735,1.542074493998988,-0.13379596906884222,-1.3882322293571325,-0.5798447910283845,-1.7263051224963135,0.2767724125476215,-0.543070458760537,-0.7815422565651491,-0.3228097632696456,-0.6783087345277384,-0.14811397622389738,1.114225530656256,2.3539166578028077,-0.25801180288200637,0.7814435299444813,-1.0056298153404382,0.8359264023607674,0.501932408875546,1.1367991640588329,-1.4709099242400765,-0.47491784928249065,0.004759353156145596,1.074841154494285
-0.42332623197268576,-0.34563752213076443,-0.6382619950322846,0.25124281029534296,-0.7877522700818087,0.18299423023556485,0.021430388928067763,-0.39255572495035446,-1.1474736187748957,2.1061866380378422,-1.4677517150222272,-1.1776837983844402,-0.9221258558985143,0.44720082398102107,1.0546698582112826,0.4752211494884955,-0.31603432687195465,-0.7209729000354939,-1.1706075920312649,1.5678885194170793,1.0800023994404355,0.9604068252812148,2.029352780520672,-1.6746232303796187,0.49242631399199516,-0.5348258131704229
-2.268567999996049,0.7148218079592787,0.5406458646552884,0.5638853410886525,0.20687136198227452,-1.2315706233131392,0.9814097481132675,0.4710434995727049,-0.7843218317058358,1.5718110376983208,-0.6832554532132326,-1.4918267872137592,-0.8667742647320309,1.0896902349534705,0.24393743123493802,-1.0735857167980947,-0.8554639935382998,0.16780375334244974,1.2581890241343912,-1.6192158317200365,1.249672647008215,0.33009812232284247,0.4391131089263865,-0.1857526314842657,0.32525065381639656,0.7600241029849418
0.7616205213175723,-1.8957958515611064,0.6444210578245624,-1.5537572866939342,1.6270857500164773,-0.347216235239226,1.1248405197592959,-0.4508717659062238,1.3820666062406846,0.5080354154616553,-2.2855181854798645,0.7641052702444731,-1.5815052747756673,-1.8149861719640603,0.3231275881750131,-1.1810534371777548,1.8324526882427337,0.3062596616594349,1.649929287875241,-0.41799043276077874,-0.083511623508133,-0.280462415297153,-0.9536000127061233,-0.04474103133285813,0.030061098792753014,1.106306211240644
0.71950086627421,-1.8391267562763478,1.1153083007856828,1.5483408458783126,-0.173571778820318,0.14473066179826619,-1.3202497557021453,-1.2949466209826843,1.660924162504397,0.9108494479041117,-1.8547747708577222,0.053454001186964445,-0.47397718402248795,-0.3521235860883776,0.5998701675778509,0.6219024537077881,-1.339870314026342,0.6647297038629715,-0.06484189176499965,2.0936149649586615,0.18920664265770754,-0.1617223074444121,-0.769297141271121,-1.0300643547305564,-1.4093977560951692,1.3678546900761615
0.5205956426741147,-0.15474905681574877,-0.9202967929488401,-0.192139605123853,-0.8227875571649634,1.4869942680436679,-1.8700098739576172,1.6322624981000682,1.3504366182154002,-0.174389388568488,0.05419149017118277,0.7670351314938985,-1.7172494474002309,-0.09151582720426138,-1.0060128624514877,1.341790988996358,-0.5141674844863904,1.7750687016109066,-1.9182980637682032,0.4674615754748101,-0.7331094686335818,0.17067897701312962,-1.1638397670212497,0.8667142811292994,0.5407270083230636,0.013251841983656903
-0.8998619951118931,0.9768984475968006,0.7876776418244595,-0.6355853220481518,1.4188229122286453,-1.7740346289344977,0.030711242155104016,1.1260616013736937,1.448848640113055,-0.587258663300627,0.8763088116544816,0.31861521047045127,-0.8434457824109157,-1.41941487527022,0.009963778949968822,-0.6321292517002806,-1.4786676751961114,-0.7683767043048393,0.10599514635249947,-0.6801378983296241,1.6411458829389869,0.7085498185019079,1.0202669738326855,0.22725541882766212,-1.1596428612189758,0.48576107085144454
-1.1807524329969874,-0.6057016411643085,0.26564313574725423,0.25530837357891456,-0.5829336485740753,0.20307152692299013,-0.08202792260124907,-1.3543301211087804,0.08777365012365493,-1.1958055880451504,0.6710841364709168,0.618743213498841,1.1941129627292297,2.139054392748802,0.11106575408540224,-0.6582165761259287,-0.003839970127192332,2.66711004598355,-1.0199660247498956,-0.7955253542552574,-0.027090412670275624,-0.43534232061632494,0.970958222072274,0.23797275591673997,-0.3893436167077877,0.003887873551287222
0.5892365898778593,0.046173572854220246,1.9159518659979289,-1.3701243484638435,1.2438074169822035,0.5686550922176085,1.1027673317572133,-1.4748520097195605,-1.693821334081579,-1.2369155938673932,1.035557113050116,-1.3779277618979493,-1.426558636115734,-0.3792711276982823,0.5226503679242711,1.2357612656116934,-0.3558130049052336,2.299934248666253,-0.7300615380561505,1.2847121239150718,-0.8434854139059649,-0.011046851417114775,-1.1317998781251701,-1.424640106458501,0.11074403962449472,0.6033826729254949
-0.26900665122501666,-0.8006228245800556,-0.24946462564354158,-1.039810006702149,0.8408885491380126,2.2385839206471045,0.9036434220330243,-1.2489062433029474,1.8656849790055536,-0.04760198841582768,-2.0400128514297498,0.32645296119307,-1.50448272845944,-0.3036536064323886,-1.1019026431016659,0.9071835739757951,0.5421495086806499,0.5351103290026393,1.9142364942792975,-3.602882210451668,-0.4976645747573221,0.05628246404218526,-0.2310998644000395,1.6413822546356065,0.6303608308002668,0.5646182711683883
-0.8727178694445659,-1.4133883657185908,0.9036747001990848,-0.7423989410862225,-1.192217883367837,-1.147137223910811,1.621069170226141,0.06863137789366057,-0.24335341636168276,0.1616393770912207,-0.79943024623748,-0.15453235481232672,-0.7136339010143581,-0.4883515088280921,1.100753373224508,-0.2957542445138142,1.495350639701973,-1.2828728565994207,0.16754336476356815,-0.45595412689877385,2.5014815967035005,1.8905005031035853,-0.2577316821508683,-0.6859220450027844,1.6754860529523472,0.06274279351858304
0.592292084245396,-0.2710992289841544,0.5725989753692864,-1.3153240619830329,0.6575564161510566,0.4233207243627983,1.2265733649493396,-1.2233190108736887,-0.4988153290621146,0.8542362708121811,-2.355913830807835,-0.9970062201282572,0.7950966255071386,-0.6755875986169123,0.32783702196490416,1.0764487407192331,0.2868518072663121,0.6479232473811619,0.67326974852518,-0.15390225851979247,0.5942539202202671,-0.5795527433055764,1.0477348033589156,-1.295148614064338,-0.7468295376121976,0.6431053030142232
-2.6250312756827037,0.5110440675825608,0.5022716721507058,1.290340025179873,0.45035752809501606,1.6858495179022548,-1.6422409078052407,-0.19951596881485745,0.6593096456483517,0.7743465856915003,0.6731756449221903,0.5417133482599842,-2.8680780724362362,-1.5164234913488195,-0.1677568928739406,0.5422973423898138,-0.7946524773436197,0.6281200045574498,1.8896236530528838,0.6248230778068236,-0.6384775012048911,0.8250624195656188,-1.6534971325825891,0.4765997002124824,0.4399203521818678,0.30769432564853794
-1.5827614332991427,2.050146898760382,-0.5130984669393936,-2.509371212331971,1.361693375604682,0.9430301706549454,0.8426327595334668,1.5429564303277996,-2.047737921081999,-0.7949363422053303,0.26696705562347917,-1.686036723610204,-0.5067274005430247,0.02195149852194537,-1.428281965792816,1.0359314866580076,-0.01662181803329841,0.33478297559511083,0.397535660683102,0.5734504554815828,-0.0419160319910975,0.6971252090973719,0.1819693623771762,0.23402871160389394,0.6579009939825664,-0.8697847207758544
0.5891264174576926,-0.0582940638260808,-1.03685325691845,0.470745253181829,-1.5865754385320177,0.47701728537861093,2.0550845121262706,-0.3306943296898636,0.11825665992106817,0.9242623838810128,-1.934867316091665,-0.7481031102412377,0.2709407922621932,-1.1173431298378707,-0.3257552490455212,-1.7220839036799174,0.9823146348475835,0.007647088022173451,1.128341890163878,0.6834344924893749,-0.401439460130999,-2.0244768811014544,1.4645323994475656,1.5246959677603424,1.0419102207268853,0.9350024016722697
-2.2271994855139368,1.4948074939022409,-1.2625279217638141,-0.38621519896583006,1.361480481475682,0.4723176885909953,0.34061095889282367,-1.027355250907392,-1.320863421686237,-0.9335134856483295,2.164082677336036,-0.09762872953699743,-1.32930941672013,0.15908374712898915,-1.4979442188174539,0.7463497124474253,0.5807651611571727,1.421940139222357,0.5925447597546051,-0.38174072567999234,-1.057627697675935,-0.12454170118418853,0.7836966260372935,1.3966883794151697,0.634457242875704,-0.4399365044453412
0.7009945195845446,0.2847898763884749,-0.03303057845625917,0.9130973852219296,0.4226293593534463,1.7661399996131542,0.2099337677445953,1.043095515564555,-0.8008362102851683,-1.185688165627375,0.3379604509185542,-1.1183698870569903,-1.404606580851525,0.594188821226334,0.44617904103811673,0.7506651020713805,-0.5443411530941421,1.3094591339237052,-1.3937946871741662,0.030489230392894494,-1.0036767232951118,-0.8691128432646388,1.171103671510403,-0.7628785862136511,-0.6592628470473397,0.33612299198839496
-0.13266660728685792,2.0045967431170424,-0.8992210038044557,-0.3713953407173052,0.24936028264092547,-0.6071536424530061,0.9933942054885738,1.1332091028038647,-1.1881288820218245,-0.7985561668922281,-0.7151250846450798,-0.8747125583296419,0.9038857966208931,-0.5549462869737076,0.2835382012144651,0.41812450615217833,-0.08084256563538764,-1.5594775158952667,0.8085672350617129,-1.0421799971582768,0.9820400857187599,0.8166278662581848,-0.14109255280461835,-0.4346009966165057,1.1943622512754803,-0.24860411268922886
-0.2361183669324093,-0.8155752405781364,1.0928549540471935,-0.34975216035808104,0.5741025233333326,-0.6052568808514787,-1.3769095447098292,-1.1943946833149193,0.1668104273791592,0.532086977616475,-0.7607680621015173,1.076192929167967,0.7554091277914867,-0.14836051127120875,1.606515778219158,-0.6126686992328874,-1.6868952798050152,0.544113195020497,-0.09583838014401101,0.7623287292184925,1.5559895243854258,-0.009793862452356653,0.9828647935941411,-0.6817742976879152,-1.194410292369168,-0.5929730297007104
0.4647906745241709,-1.2298153930306979,-0.7233752313077956,-0.7906116450695005,0.24493815256762114,0.3107736462833942,0.40010492798391956,-2.1187128398967143,0.5049509948510801,-0.3350921641852985,0.77513425974491,-1.1025399518239545,0.9882545122041029,-0.6212795013106768,-0.9757296315794997,0.07115374426258074,1.3112947974605944,1.6269527029752373,-0.48446643121052696,-1.886405736964094,2.0793263156805324,0.40190497184835267,-1.2394847156090134,1.5743912631742405,-0.22907076152916925,1.3088648765026993
1.080956236495852,-0.4255739623901928,-0.4254703469287316,-0.44686019718088676,-0.2463645768902467,0.7010517860350344,-0.41399849644453957,0.8459802428587101,1.0037342067830273,-1.6124440263348032,0.7964279823317644,-1.6705358313305254,0.7852554676381902,1.0474727725182624,-0.7107657114851843,-0.25663036964437086,0.4338715344817546,0.9406610267646643,0.7009289527749517,-1.513534054192713,-0.16686748541006666,-0.6473452527564484,-1.1020062125504542,1.349143745572297,-0.23037029626634592,0.022974433512161246
0.6781004471464279,1.031036127534671,0.8296373023002415,-0.1207489860002442,0.06061459986059751,-0.34892974309467295,0.7009335619068895,-0.009876084142573604,-1.9532475193482803,-2.480426212019912,1.3090252268003937,0.5295286313720041,1.8478114221036652,-0.37957511277413813,0.6442266351122545,-0.1437309120479367,0.8793786594112242,0.9298645541896614,0.39730972162944617,-0.9544072572293634,0.9831448620218989,-2.6144495806900134,0.7787084927051461,-1.6307866275697038,-1.0211308372882517,0.2713929826133213
-1.3125873051194328,0.884727344500093,-1.9071531177003376,0.9191744883251151,1.1124258485991787,0.47250293140622596,-1.1270936701040362,-0.1234072145753848,-0.6464157339306351,-0.8805684631640335,-0.5766021644206046,-1.8440153028899648,1.0985162228057364,1.2221937538032517,0.6461321882643478,1.1879492392201527,0.08631244772953192,1.122701741033121,0.5090444523607688,1.577240861594238,-1.4722314571134971,-0.8020281761809289,0.329035607096055,0.2958322282228404,-0.9928016560286039,-0.02127082736172125
-0.9912494388286386,0.5600008715815682,1.4806463558281655,-0.46761678228914016,-0.07686025613541297,1.0126236943624614,0.39589772042751864,0.9033851623661558,0.38445482430798855,-0.603132383026226,0.874997144486648,1.214042244576817,0.31473486811073037,0.9854024459305422,0.7977292213212497,-0.19385292842836616,-0.4926567801492743,-0.02254917402040028,-0.6874670073242799,-0.792995185163362,-0.13565623015913,-0.4896352086846101,0.4092046104208025,-1.9923064215259574,-0.5834286918267194,-2.1820319263980865
-0.9882577604011931,1.4618808785605957,-1.0445626015764615,-1.5051470862334726,1.7030170786764816,1.0099937937259258,0.518135049100435,-1.28436333370102,0.7351918776355484,0.9851614432401291,-1.6188041950259278,-0.9781670779239211,0.026209305493054235,-1.15014840306871,0.7317065205626052,0.16754049316813546,0.4700816703600685,-2.0878691580559434,1.5043249644103736,-0.1636079860502075,0.8005592865429856,0.582864562209033,0.0031358199782307514,-0.21905625997322428,0.1344130530935484,-0.669072822501121
1.011808479623277,-1.950813202772712,1.2505077358532901,-0.009370264172833074,-0.2665608075046894,-1.2053687968234452,-0.7260563543169302,-1.0382478931215229,1.0727092457892091,0.0730169772330836,-0.5550068104974214,1.8497672584832692,0.11702815966491814,-1.1569258846502075,-1.5454345496015263,-1.0505659563555683,-0.20604785557611274,0.6313263298360114,-1.6313776054742783,0.8347302678365833,1.3700772527690772,0.499928673551244,-1.6471378872951359,1.1325268107951274,1.8565124941847864,1.4844295229655895
-2.774566460326093,-0.3297955921639304,0.2209124713540416,0.2817442117478953,-0.6777134393301842,2.1752227932949415,-0.3054369824901238,-1.0825806017389252,1.2796846315171562,1.65918631229647,-0.8696430946489752,-0.40806350813484005,-0.3608599321611505,-0.042247011951817744,-0.10907708352713025,1.8870187231910278,0.7232337970564855,-0.3258579693438373,-0.17949154689613742,1.3762014264686813,-0.11925435288699808,-0.3549896408069567,0.10333406138606423,-1.802146884302461,1.3317539097152855,0.03909376880330349
-0.42417070720718386,-1.0069548242577566,-1.0952860605255763,-1.0637160210969376,-1.5123275511094947,0.7530721384199736,-0.6742459541648625,-0.3318311759493636,1.2955039695479726,1.759298417846761,-0.3020260973391498,0.40207345387805654,0.8845470195280724,0.4848689994252787,-0.9703659860030139,0.5926260830112008,0.12778671793019522,0.5146897924149589,-0.44518059109883784,0.5757468056399703,0.19863684969491124,-0.19090200490440093,-0.399779593833194,0.5973962933821435,0.3893814503247724,0.8385885740563757
-1.4175936294695812,-1.327357020339269,-0.9205561822330702,-0.6225899332497803,-0.908375608792968,-0.4668708711010164,1.085342496346513,-1.069117114233279,0.7986854849058508,0.8216229702586445,-0.3577185418785541,0.9252024200164382,0.31642581690705,-0.021580827087440673,-0.6519179635846821,-0.22485319898814807,-0.2982819378193943,0.9692859073957869,2.1089131113006268,0.08145939580109056,-0.18063081810134596,-0.528217342536202,-0.1476085348177982,-0.26719808903710635,2.5399221760132082,-1.3437633559958189
-0.22902794458311973,-0.23658719741971693,-0.6810999150580304,-0.2233652516317083,-1.7705704860806208,-1.6518717080244945,0.6695985420566418,0.5612883024851302,0.14553479639719544,0.5625296192565737,-0.053569945564652964,-0.2805927779695237,0.6131701399429356,-1.0530616814936469,-1.2504958510562976,0.3135038226253939,0.9044160948767919,-0.027890524615659586,0.15482200935354873,-0.45363774343540286,1.685106511685149,1.143088719843677,0.5631295465556788,-0.24142796496948032,1.6406096735122435,-0.3695325581145878
-0.7513626160686185,0.28571246376073595,-0.5258914543085544,-0.7660882656483893,-1.1439285069484242,1.4405543018174856,1.533932732959122,2.3986563866470347,-1.3617671863630696,0.8916477761591598,-0.608251249187794,0.20314147380468503,-1.0216816600378584,-0.8661007231196085,-1.1423371203933466,-1.0185753929385628,-0.37484694118100725,-2.0071923330160644,0.18964537055782774,0.5953663789462145,1.4278304285369008,0.0810858321926293,-0.8935540285763462,-0.5740954643619641,2.541274436858979,0.41287902762568285
-0.8012019960011274,1.4927819344048945,-0.12577989751918947,1.4734367934340287,-0.054587775997618666,0.5986830231398041,0.48068961401507976,0.450253060635352,-0.9944408041622107,-1.3127896861392463,-1.883624264849032,-0.9088603514525305,1.1176779644187063,-0.9483859202414946,1.4223034230070144,1.4658883744496969,0.3122054491919105,1.8032382319380713,0.02899560776352594,0.3900301814583035,-1.3340818100560938,-1.4576629408334916,-1.0954459658238729,-1.3867527075847537,0.46483915490725974,0.49494583022595395
-0.304966071225602,-0.2122332335179812,-0.04357200710867614,-1.8866194389039128,-0.013723987056718007,-0.39249554919433904,-0.24822367036689727,0.3732429749092408,1.8249204449328376,0.31031523612620826,-2.2597674296224635,1.557825560130851,-0.7466409458120868,-0.34767427573393583,-0.5258405549912044,-1.5739622834237323,-0.9592754603372831,-0.7867975457402675,1.7145597032733504,1.0659558872758048,0.062342745095711076,0.3750183490066027,-0.6886578222000539,1.1126861582011742,1.3569847547537144,1.3390685153682624
0.6321257516487336,-1.037495973524806,0.2005977273941072,0.32435414379045713,-0.8601818945940208,1.0017829343205398,0.96562249295701,0.7552460139551559,1.0379525357768093,-0.2572077807974326,-0.24449777309043771,1.2319604874187107,-0.37740313714616786,-0.5249809570070413,-0.4171041413488793,0.9798892528303592,0.23709743251582743,-1.2462142926576159,-0.2200763895466056,0.08438995552812167,-0.8183623188438038,-1.2789604970368638,-0.7090071048983921,-1.2617092835234305,1.730197623897626,0.5817178591338223
-0.9451151195413598,1.480707572864463,-1.7962221231781812,0.3363853213436338,0.26186823730730274,-0.2791315487401547,-0.7810786270680852,1.8208320256123969,1.0867800834439658,-1.2999103695172918,-0.01601176468623705,0.6623552751377407,0.06605445068548785,0.5645129936418122,-0.15356378248164199,-1.3434338113157849,-0.4604457899341798,0.00013611184543893683,1.561187733455249,0.39922302650997543,-0.5983226369566044,-1.0598251956609417,1.668982180603016,1.014463831804853,-0.952850481446851,-0.6289769785606367
1.0347326261719312,0.3524486690319085,0.1473694519530259,-0.30437230733546233,-1.5749354393842458,0.6612994993967604,-1.2867941398847582,1.1655030612615147,0.5357524200332485,-0.7489584550305416,0.19739354644630158,0.58988251376138,0.6055408612629527,0.5847943401698861,0.2702420293616223,1.1291682626146027,-2.4407856210218135,0.8932372667023544,0.000826225194496695,-1.6714429705231268,0.604960308358399,-0.5707821017102302,-1.0564451855394708,0.29848367077637306,-0.20275756091156596,0.4430791460732368
-0.5422587212229646,0.6196584017700615,-0.05979795042339337,0.43368449433316475,0.6117175597907618,0.7463874282794796,1.2661716808757426,-1.661228732305728,0.29008114931541196,0.7058615146912429,-1.2458859445520203,-2.563998153559718,-0.9093356291736007,-2.040435269478411,0.02505602055035411,1.3922253978433445,2.2656567141838537,-0.2839754313523109,-0.13158843029542525,0.4756915371190564,1.2946288051324029,-0.4881058749843117,-0.9194287103486659,-1.687636271568459,-0.24439519285695802,1.4019685760530762
1.9390468143008517,2.109360119059814,-0.6690621595661872,0.10044915403832765,-1.221955296158322,-0.0047696097529755935,1.9622241834004315,1.6442144732669068,-0.8134852173900085,0.4903644245134094,-0.9504966531378173,-1.4881508071775402,-0.4132503010119568,-1.356115037594199,-0.41541969954342234,-1.6827603749004214,0.5735411417622752,1.5576398386345565,1.5756800623653504,-1.2388626915818448,1.3950270938218081,-1.3154184427277855,-1.1658990744953361,0.7153065298944964,-0.0942182754631801,-0.5867009468418181
0.20345398538403517,-0.6957251261716665,-0.574047561782327,2.626868238153633,-0.8166620027539712,-1.379911692354063,-2.869791356430595,0.3995519954954888,-0.8095896590458844,0.7190292919933214,-0.6588775741778126,-0.5565163312930724,-0.2861295713980629,1.830001858080089,0.6331485780824034,0.239224229738567,2.6002232293254672,1.2872609755820241,-0.971308648470361,-0.9860243798548447,1.5264471859284194,0.08181794772847421,1.1491456416294286,-1.6550309333290802,0.6514054808243601,-1.4490369938899854
-0.8805644759357487,-0.24075623560055495,0.3062914722922677,-0.6033570211667078,0.5650426612922036,2.1732365848751938,0.14213689404633592,0.17728579689742424,0.5748714228875639,1.245600280347136,0.8419960793065745,0.601249822479946,-1.5880309821385608,-1.3479794950617578,-1.6477642659480627,-1.7888641153450373,-1.1335720681123018,-1.1345238893708278,0.5678688987983402,1.3597550897339512,-0.3634628727814983,-0.17247972453807367,1.0477085272590525,0.05128093740953859,1.146711798673533,0.5786123820547541
-1.8704991529905417,-1.3219249132823985,-1.8777986498136094,-1.502480774537739,1.2058430992284335,-0.8508189262966777,-0.6615047011137879,0.7769175903166409,0.5901356575234202,-0.038913293957492066,1.1901278839098752,1.1180490959419012,1.0406948458169076,-0.08031705554184905,-0.960616234985509,1.3211269863307769,-1.2093524341764044,1.5289964862615428,-1.8042867176639124,0.6734041413631339,0.34508469812882797,-0.17432482573054486,1.7421696588534599,-0.012602920845884737,-0.010466976784370056,1.0722641080752626
1.7919308859463585,-0.9360792906858382,0.6415130081706043,-0.7746962441886786,1.0151427613644584,1.6424795530908778,2.0287728352773615,-0.45522336290658816,0.39374779965880713,-0.8913409127622407,-1.4535843787293874,-0.15937701830617296,-1.4963855612381014,-2.315471980508429,-0.015778649079194962,2.17648643675532,1.5497084912038677,1.8972118969930358,-0.04768619261579943,-2.2941038845944712,-0.36532840457477467,-0.5996047965883313,-0.6071651469068526,-1.160808103870179,-0.5048792480249555,-0.15404661775003398
-2.544638610558977,0.7775234250477338,0.4672468092986584,-0.6124691289418908,0.06811922315452766,-0.04551749739345617,-1.4596607721680068,-0.7371933504475127,0.7278501325883154,-1.5283584521235878,1.4542907463703625,1.055283710317998,0.8018311934631561,-1.6483089454931048,-0.9446922777649379,1.1569211525106067,0.1527503916790206,0.3257384366411143,-1.748625002214472,0.9939917091140149,1.3526093541275457,1.0112024557732076,-0.05627035881007509,-0.937413520301492,1.0542678677546355,1.0092196678089247
0.8582145225683656,0.46798886220375835,-1.862337310950781,0.859144712094509,-1.6252781965901966,-0.5516681352549435,0.6745356903174871,0.9841142849357974,-0.2542043511777849,-0.4573154663728893,0.3574337676450564,0.06851132222155477,0.9856993971278526,1.2175190076388265,-0.8521998368530621,0.6123743254913508,-1.142690947883894,-0.37695738806371926,-0.5295579082771797,-2.916659228508822,0.7622317570837028,0.4826731297382574,0.9593867642189657,1.0914903796135125,1.652625874817507,-1.5741603441992664
0.012912900830317382,1.5666088019626283,0.6305856728419632,0.9182740155217022,1.2818532023895834,1.49729044980093,-0.3331384299978969,0.09065540166585889,-0.7215433360005747,0.13175906957778014,0.17038975262588948,-1.0746287915819035,-1.5918090633067894,1.1050555690139159,0.7255447713416039,0.3766112527673129,-1.1908638818548256,0.7254477587355267,2.145533336759694,-0.8633781094589962,-0.09027310381285619,-1.4513021920412863,-1.5808479676616918,-0.9955937649737483,-0.36069348053892314,-0.334938005957721
-0.15424419260897843,0.9667844408337337,-1.3090684405437882,0.7550498056823769,-0.8276162156856987,-2.1625094995392757,-1.4850293885089925,0.9588964048587667,0.1811129554494158,-0.01593430111857998,-0.6214543660513396,-0.4273701853210074,0.3884983727049025,1.146843072565049,-0.7296339290938841,-0.48793829866384636,-2.3865061010159323,0.4794798067060926,-1.5958315426022873,0.22674812156718613,2.0498974496480735,1.3141456285532003,1.059092500971699,0.12452906301027665,0.20019293699625332,1.9683873348867764
0.0349913383579224,1.7549260019994293,1.0456214636683914,-0.49277770393487785,1.1627747153299182,0.2923000826047142,0.33913655225994027,0.5334093127559805,-1.500020027048099,-0.8058106139150037,-0.66575995196703,-0.7567992537604715,1.9124609419721774,-0.6296021420123353,0.6785656509959337,0.8307460894524779,-0.659838563382717,0.1691107021653409,-0.4414820706328022,-0.391891257935749,0.7702030970897218,-1.153498849338857,-0.6711676536551605,-1.0596914216934143,-0.4006700014365185,0.4410452720433635
-1.147506776396442,-0.4429451984061168,0.07271831567160665,-1.6058546489079013,0.6430244853252848,0.7250339592084855,-2.147379917984817,1.4621639501891244,1.5360792477521712,0.5210387526777478,0.1969555979485494,1.0881948922553373,-1.557718465158551,2.1043530947108917,-1.2320398234256147,-0.49733348270180566,-1.8521907461569271,0.2787556866600133,1.7556822628646154,1.10475064106034,-0.42471345349576367,0.2177034714859911,-1.117625222804316,0.6193330803579976,0.7740313004272877,-0.9073801075070087
1.9305406370059135,0.5123189889005169,-0.11619707770532944,-2.12866172129291,1.1644560818041152,0.29231314575151585,0.2901090559534117,0.11532336735830735,-1.1592001622912929,-0.2448987618199685,-0.8474239243114311,-0.3118217576550366,0.9308878987079662,-0.30446749558240493,-1.2710961669261647,0.10229409777611312,0.2543203918495886,-0.16631938744116626,-0.341746467673226,-2.8590514143870567,1.0983328172353808,0.2475360745391948,1.3126150597999187,0.3385007839433531,0.6879916813354886,1.0490087963215273
-0.2851629144636712,0.2453139876295791,0.067445119730868,0.17152772312794284,0.3997109029981992,0.21093502774089742,0.5406499497893174,0.653094949721465,1.271605000343386,0.5503877271715175,0.6798058876092754,1.3315511368952961,-1.082723962467089,-0.7560523443444049,-1.0956948407389093,-0.8582348463696989,-1.6462839103181635,-0.1670372928095818,-0.03386320939126934,1.1521316026485755,0.6977817479351903,-2.0179878488958938,-1.9763706797836804,1.6754138791112567,-0.03796332552232935,1.0823012426980327
