-0.04718667082588924,-0.5651796556565696,0.16366341523891237,0.8238327234151704,-1.6507658763073987,-1.118371298033113,1.784475506535701,0.13018083750737247,-1.0323086994587414,2.3171520353297836,-1.5975630262020175,-1.0518241761446092,0.4194300887284174,0.7449041447624495,1.2250806084995183,-0.9956190359774937,-0.3164702620819413,-1.76762105043315,0.6052965579948034,0.3808976302652523,1.5828900986928591,-0.2622607535844959,-0.6087402893482587,-0.2825783106582284,0.745517520533234,-0.4547488147496951
-1.7128563609129932,0.016219526377858246,-1.270026850347953,-0.9887001128247243,-2.1746729500113307,0.9191869234332767,-1.6821530120068475,1.3905447373099806,-1.0513813640644754,-1.2470621088559557,2.310408662451845,-1.4122248918991729,1.0377400264721175,1.3457258521244801,-1.6157741450954637,0.3931641954865398,-0.6734952223709286,1.9755422249775194,-0.1348166921864734,-0.23822435618821955,0.7539137179694542,0.7929460003347257,1.7970592024676078,1.693219135290165,0.6535955272716159,-0.4983287710288646
0.23074712370357597,-1.0322540008769798,1.5428392883533923,-1.6033156198828924,0.8137730124452024,0.5238202169737745,0.1352083776012596,0.04462479514071974,-1.0008520992477679,-0.6432883097150158,-1.7028044567598164,-1.2102642124723386,-0.24170006537779912,0.3500703513614888,1.3262092688684044,-0.49440729901962666,0.7114069920635383,0.9131852110845031,1.9189807938910244,-1.3097918574665952,1.361745026379403,0.06415845413823354,0.8639462202732514,0.05236964143646431,-0.3513432441257465,-0.7833652428869471
-2.1921164642731648,-0.7428231689470602,-1.2953101337509905,-0.5774476203352117,-0.886228853199513,-0.7992127038654009,-1.1320798128875567,-1.56789288894709,0.42878868790511754,1.4953177120751693,-0.2875354553532071,-0.8455842695849413,0.8936250778659334,1.6725884264505595,0.2551026221293742,-1.33301692252523,-1.6715647843357988,0.3367904040839352,-0.22887240027288783,0.022297230883393013,1.5169947383176927,2.0322256059894874,1.7414367216614683,1.2748401582672033,1.6399589278040958,-0.48097026978030843
-0.644330377090847,1.137308564580455,0.44246209948040705,0.7458586479489449,0.6970076412591709,-1.5889533461162944,-1.4525240145094935,0.42714147690877086,-1.1892041356055953,-1.223082482167842,0.13960920645331168,0.5235496873739732,0.7421000224598331,-0.28432146725923724,-1.9331255723724945,-1.0662018013776273,-2.114571975433245,1.428671634758854,-1.7731434529203198,-1.009147916056827,1.9886462862394096,1.2508080394571852,-0.09781120724605259,1.2588590948913048,0.8925983856655191,2.252914167577863
0.5380865691358743,0.7165918942041793,1.3695233932965816,-1.2331126140092503,1.5242476033116479,-1.555675135055475,-0.4754838585864752,0.27102985224698734,-0.3693473134378609,-0.4853511042761767,-0.6706066159209861,0.5461827546752757,-0.66765108911329,1.5116119396097958,0.8268962066851567,-0.504608039296887,-0.32124432598535313,0.7056870522893423,1.444281109330719,-1.047669823887826,2.07222014489934,-1.072133200750386,-1.346037740436392,-1.5047423446645372,-0.12331042090906923,0.19305101368630861
0.5289788978328483,-0.1445642479128173,-0.5316720244581622,-0.24324608321551208,1.308222872299887,0.3475940501743105,0.7704787415380288,-0.0170962021894464,-0.5502565891162269,-0.06029854028604454,0.926938384836171,-0.012450934635826994,0.7564493379605708,-0.6998839018787276,-0.8178691222778012,-1.8283466440292,0.6057161281638618,-1.0435495476309984,0.9811027401354034,0.2888960890797545,-0.3535253988101443,-2.4834340728578166,0.7055148875808828,0.9721449076870613,-0.05065706941512276,1.559177216656432
0.16193034824837244,-0.959193764585252,-0.9567879495828636,1.5710314832569938,-1.4111163108455138,-1.0708050477504774,-0.5109479566401623,1.5431223035393342,-0.6061718538633276,0.35000689295209697,-1.1942953830344452,-0.8736876995997594,0.3988950700173663,2.316698915938255,0.9222510191011777,0.647406482140639,-0.04106486538213784,0.21548882630206567,-1.451359868292074,-0.24727278513525439,1.42022960512505,0.9441719157603616,0.988618635242014,-1.7491835628058277,1.2328635046015872,-1.1891571963799847
0.8239029918560612,0.5869464031879238,-1.800268264361883,2.0181613345225506,-1.0656465438762062,-2.509981654307693,-0.007569066352406657,0.36501267324411246,-1.2718257418279053,-1.9522050129683681,0.1377624147912216,-1.4807120646075058,0.5579009246863378,0.6615553972450128,0.2503762063845983,1.7962855566297886,0.8560987738014663,0.06848537318651017,-0.7415977152238667,-0.759837999637739,0.8253588281011529,-0.3101534381515807,0.3147888543147554,1.0010526529801562,1.1255664343538305,0.03771447421447314
-0.9302790032444553,1.7878027094712214,1.5676663928444088,1.7158665284123376,-0.3562524128855239,0.3239370976552426,0.9651418995712276,-1.7764647350118943,0.37473066605751776,1.2438332633684994,-1.6012649971766018,0.9088344829760234,-1.3055161221902383,-1.4590057622998103,0.8307796340128899,-0.7575939565844121,1.3483693149808766,-0.964103970271186,0.9823093233216638,-0.3342565689603158,0.4991656870294507,-0.13454768679617432,-0.14379867132542498,-1.4691137723291807,-0.4123259204164613,0.43348854613610993
0.8104526809043374,0.717568080356347,1.0121635090980772,-0.5251441961158955,0.8029381429906363,0.06850342439092161,-0.08859324540576487,-1.3299779773080227,0.5586032731546146,1.5019308229700026,-1.6757588949139932,0.3339939295056474,-0.860230356579878,0.6852592933768343,1.8380948791616,0.6707765686052474,-0.2594386817499865,-1.2410251058883413,0.9623916770430512,0.849556096691566,-2.0100686152750353,-2.065115089319593,-1.5174879790364815,-0.29845889310261114,0.2435076579787547,1.2515936801306313
-1.9830857366393724,0.6306730430715484,-0.36606343131970875,0.07281085587022118,0.9032216715919282,1.5215235540717613,1.3951439465550357,-0.8997849619899075,0.5745850555852315,0.8278523344055759,-1.3156393947481897,0.50138232967313,-1.2012638252591394,-0.7963044770266606,0.7073099578992482,-0.08438415596933978,-1.1891737305904257,-0.7169180519717784,1.957966597326606,0.689049178014798,-0.06512661933986547,0.5684474569734599,-0.38386597906629555,-0.6557600635934253,0.995420655023158,-1.4288654736475264
-0.045748337830708356,-1.3941813689408535,-0.15375157450039664,-1.198927678727397,-1.1206517751841814,0.5280181124434509,0.4737901881060789,0.859123773570609,-0.7477627880465139,-0.5411434949915311,0.29754009781695634,0.9223092921465519,0.8651828457280833,1.5472417138177312,-1.346126715399597,1.9906801784659238,-1.6018381865262212,-0.3651152385008429,-0.8370929459808234,-0.2797487848983598,0.3180685737378988,0.8512441053151768,-0.019629735981248012,-0.8178720856854267,2.4471311571905803,-0.5048354779115474
-0.05685002826900659,1.9371402011977692,-0.11363924647031722,0.7601081809918617,0.310054447199636,-0.2369052354545119,-1.7524803246658593,0.05850664702611841,0.932546876923793,1.924486123204333,-1.3107490764706737,1.3054873410696308,-0.8650647032962365,0.31654915332022276,-1.1673329445651075,-0.7905875765074442,-1.1886333757515597,-0.44559758567637126,1.7413815280761875,-1.2539494010967982,0.38468302181125513,-0.8268631660195996,0.02299698502821625,0.20223915404629594,-0.7909386952087668,0.9469200602872937
-1.2163806397642771,-1.122602061288208,-1.0081453978711166,-0.2364430922120709,-0.6115512825732556,1.4425480542169955,-0.483765120313786,-0.0654713901531374,0.062285928783361234,0.34297867098979967,-0.5688742976377704,0.6030140379690054,-0.9540647554302084,-1.016441236573706,-0.6467721541760392,1.7459963911156007,0.8516675960535498,0.71817344210796,-0.7845764711135351,1.1986016614913817,-0.6284057419877086,1.8958245519137373,-0.47486218221962767,0.4827752545681237,0.40654142796301324,-0.7540930789029793
0.6630632467480808,-1.338915169126148,-0.7387744664871969,1.6776463746581456,-0.9308900389860887,0.9611727496002901,-0.11068300045150961,-0.32886027337312124,0.7678368280772077,1.4180645107200165,-2.843985340155008,0.1642369334114548,-1.7521166002446673,-0.01277759276468695,1.3420711950808877,0.4990062796365103,0.06028800258617506,-2.406770538224575,0.5723116450216564,-0.5807585731540098,1.505043187691666,1.1522539838363313,1.0578799873629585,-0.8555103502280724,-0.47726713006358873,0.42056625497777456
1.3686607026839326,0.559159681637354,-0.20966736425681573,0.45273082749455984,0.4965825376232187,1.7213740076397506,-1.1852496022061476,1.9898907426940866,0.19363941708021415,1.3301860301814645,-2.0136501960228754,0.18017009578277152,-2.051837309639438,-0.6046840226661748,1.0883657980944552,0.830371573641622,-2.818856222709708,-0.5695971342553299,1.0691876499938053,0.9888888507090797,-0.13021164957619505,-0.47352443265879124,0.30896086760652514,-1.7149399836143946,-1.5640173148879624,0.5516316178736008
0.5834393739382074,-0.4205639849751181,-1.0493569870387516,0.11311537071179534,0.9769779767724772,0.2369250239070019,-0.9724587440812087,-1.1489870442595427,-0.2780380009858975,-0.6294850859811267,0.41950796511838295,-2.003349690291226,0.18695554029232633,0.28556426169679616,-0.052500406301891483,0.9379199557811045,-0.7906226035641368,1.0569950306733296,1.1912445502213092,0.5075590879118466,-0.6544035324862512,-0.22393397269488644,-0.9571268816411317,1.2936335714864613,1.5091156184528194,1.284124266673426
0.20031361734099146,2.2632555082695562,0.02315054536083715,1.2740824432807407,0.10197612554507214,-0.5930598235668701,0.6697643349275255,-0.6419284747353357,0.47864494225417825,0.7819959034855667,0.27025066814335924,-0.8001289933509836,-1.1874001636279785,0.1889784731381239,1.3069260453870082,-0.6251368130099059,-1.9301258152248577,-0.9252288358385509,-0.17530519345330137,-0.1723207859099806,-0.29519363799680326,-0.6440827664668526,0.03780468015534409,-0.4658627619202751,0.16110099998592653,0.8744803579801134
0.6133500898079802,-0.7248999114628429,2.4439445831554805,-0.4040674092492425,0.13182533295689355,-0.17487800913750823,-0.5998617980294298,-0.26157520063179396,0.10433272046858287,0.2990492507036115,0.8873195735084265,-0.9765089940254154,0.16072350283667725,-0.4543237619082732,0.962760624575682,-0.753646647278172,-0.4326464338259489,1.9526264450042337,-0.6992938969804945,2.407197512437358,-0.7947330205929537,-0.9902444370389739,-0.6772722447215511,-0.6123794546788273,-0.8041452478003508,-0.17987273166259635
-0.5370304292455671,-0.8255603265685588,1.9573189652155596,-1.2596817040969683,-1.1197103887101034,-1.2534501241967966,-0.8738270959310767,-0.761683214666452,0.3559958841923168,1.6404292217029521,-0.17944065456873856,0.6280505208714937,-0.9994809780048995,1.3956688235045043,0.5768639602187959,-0.5203032968172571,-1.4264083881285523,2.0606580680078355,0.1642804653827158,0.18756246286829498,1.5378512748635085,2.006354623339875,-1.6484155052077532,-0.8400145316669801,0.022383006772542933,-0.8072261839991195
-1.3342622103536486,0.8794979537725883,0.3515808064747733,0.5662750344642736,-1.0598337388985233,-0.4051050044165064,-0.7908004980224015,1.5895447729639065,-0.1620130765415617,0.2167098536771932,1.7793249425160544,0.24200356794378391,-0.598170978876486,-1.3527884610014107,-1.5080476591756011,-0.2535456137837114,-0.5418060488355408,-1.515082946227814,-1.0360140591466611,2.291732223103419,0.6544376337397283,-1.51011068995022,-1.0625674761041768,0.5487892305935014,1.8444821668439026,0.8091440592295904
-1.595498778209987,1.060839689217518,0.6038198257124282,1.489675265698424,-0.01123519503200725,-1.3705480362925906,-0.5566810662300677,-1.6329110626348522,0.1914958919877969,-0.5589305706847162,-0.7226674722243219,-0.31075930389803114,-0.7594664905562694,-0.1642507894397152,1.0525462580508085,2.3350545370511946,-0.24271739809287932,0.8089170835919094,-0.9467719529804475,0.8012528480967452,0.4811084494720628,1.1104029055334255,-1.4332807800906255,-0.46537622841403997,-0.06193351340699944,1.0593840037510884
-0.36839075739128213,-0.352483579410179,-0.6316241203342748,0.3492641948739433,-0.7739333049131522,0.12492986970076408,0.13712794077676008,-0.49718131088206996,-1.1512263426388603,2.0818604569480548,-1.4486567232385235,-1.0658294609186698,-0.9405756470484604,0.4711411318039141,0.946324447752939,0.4924202068132182,-0.3269361248653941,-0.5778378646873971,-1.1904787798445169,1.469329741505375,1.0181140947213794,0.9154130072138886,1.9728303740173243,-1.6463139329818075,0.4506434047642586,-0.5085407786449486
-1.9929996949331386,0.7703654884069859,0.5279680945073013,0.5466924174080487,0.2619631211818207,-1.2844166226721037,0.9668830297344568,0.44181988537612127,-0.6498312414457044,1.4901050970100265,-0.6258365413188243,-1.730511987495211,-0.8810978879239887,1.10190002956177,0.20361284660849877,-1.073758506490391,-0.9232928895265066,0.1393070357713626,1.2107496051279274,-1.5397196111207743,1.2255144423183586,0.3095237485216622,0.42619964179593195,-0.20764926472612738,0.3656787340547969,0.7747636363468269
0.9430499072181737,-1.9090295261446533,0.6434620647624196,-1.5814921119760765,1.6548775832246607,-0.357425329563334,1.1081467625708303,-0.43611253836444397,1.3530384768690684,0.5022770937593128,-2.2570129762396856,0.7598022938353708,-1.5653165920574743,-1.8150888334107809,0.2564107944837265,-1.2106158530916822,1.8106009184218619,0.3078308700799741,1.6837804435753567,-0.38477867696068885,-0.17654820290482603,-0.24207985425563758,-0.9237104507885797,-0.045223642138087154,0.0002558544552560413,1.050203477087587
0.8027020604508806,-1.8637858073851195,1.0629148359999256,1.5839327800887317,-0.02646035143532373,0.06417119540179907,-1.325635143579753,-1.2415184641374792,1.4938548382215573,0.8814108874250572,-1.8143666249502846,0.2136339292454836,-0.5763807166378829,-0.31593004074315406,0.5795522097330066,0.6242513695944707,-1.354892505371482,0.6704361826920435,-0.040594784975558545,2.012918452370257,0.11504680373558768,-0.15341320806585843,-0.7216603541927435,-1.0043105839457964,-1.4156316547545598,1.3560773863066125
0.32459782950415556,-0.12214016888695832,-0.8808671565933806,-0.16666199161466627,-0.9033367802497884,1.5034476041244664,-1.821942094462236,1.7897472399506105,1.2780168904520435,-0.15870074139874882,0.055803527100309475,0.7164685180987485,-1.7272248931133967,-0.1194987027181425,-1.0228272727749175,1.3186976331185027,-0.4426741921394684,1.851535092194256,-1.8327413426311996,0.47986261137918046,-0.7778244067490544,0.19541441253113712,-1.1523769717093775,0.8664366585127451,0.46061085400574353,-0.0031783282459540746
-0.819356053868802,1.0662607249958873,0.6839142661232793,-0.6810403062970786,1.4827176381643856,-1.812155083261568,-0.03205898779287129,1.2213424428909643,1.4991515657502963,-0.6107138300214988,0.8696327219569769,0.16162587316464913,-0.8470028579832349,-1.3869901010403032,0.049023654416554346,-0.6385978558090631,-1.4452051523227285,-0.7771172377244576,0.11132021040207644,-0.5329748390916773,1.5327262735223894,0.7095398900001655,0.9777511944294427,0.2508669209817983,-1.1412867380808103,0.41295260634096886
-1.1286672142720464,-0.5871164078412198,0.29336398877678715,0.24450904365970588,-0.6397721336751108,0.25625142095166575,-0.1143973002841845,-1.2155090737505894,0.0676821465055473,-1.1625179578554818,0.7187120735100192,0.48028610586528464,1.1242969718939293,2.1666771848636146,0.08839237788331251,-0.6743650973937148,0.02170965603878258,2.6530319395876116,-1.0608571403492468,-0.819409817308657,0.01033982170592045,-0.4698261775380556,0.9067787472849438,0.2746874486856844,-0.34630626379699464,0.006936070539111997
0.569544273428706,-0.015444448104116533,1.845863987350977,-1.377867499086751,1.3643021384099494,0.5912348882041567,1.1392294964662366,-1.4773577984758057,-1.6564023041588618,-1.2011926850199222,1.097408915625213,-1.4215765998122576,-1.4261856618170228,-0.31507355369614654,0.4802467857509065,1.225311353590015,-0.3201618216562364,2.2421801894033666,-0.7094267650299023,1.3067008401947666,-0.8436139238892312,-0.025663667937781593,-1.1178118356614999,-1.4028435627624694,-0.012090208613441188,0.5637055639891771
-0.14525915762275057,-0.8284677671554299,-0.2687690827276564,-1.1788008542452348,0.7711030964056924,2.2283710518963655,1.0388450152842137,-1.2065121463160775,1.6883348963633185,-0.04352668650369344,-1.9994216859983671,0.5993242436559101,-1.4810610429033706,-0.3098702915608118,-1.1386840041215203,0.9037839660600533,0.5957134650084458,0.511801973605913,1.883098094433274,-3.6685737497958475,-0.6226279773406312,0.06922838229386723,-0.18860666878920176,1.637081465205533,0.5642140905437664,0.618748114024111
-0.7463718700126752,-1.3848587298498753,0.8768702914187065,-0.7142511925167191,-1.0745067235934376,-1.1554145118953167,1.6483231841812904,-0.022874046624780132,-0.30134322381677997,0.20481852996918196,-0.7737642722223362,-0.13454459189983195,-0.6902815503736293,-0.5275912067096227,1.0266104386105683,-0.27541878586664637,1.4471588748817807,-1.2245589068795706,0.12391784393545119,-0.5131140952761569,2.4620401924470325,1.8747945266841812,-0.2455813299607542,-0.7006661991408666,1.6640159124869,0.06006772545441964
0.7522129693043059,-0.3232143232868808,0.5133632236312229,-1.390969576266877,0.7826840027615586,0.4557529256992622,1.240176653054207,-1.2870231002683394,-0.5179346391861861,0.8209324407524279,-2.2863248751739356,-0.9541604691233457,0.7433273997738435,-0.5700248528852557,0.28122024752181124,1.073807077457219,0.24122543564867943,0.580130473775833,0.6452822606788876,-0.22225537630903497,0.5133860849751117,-0.5320309015356659,1.0643785110023116,-1.2726672163869996,-0.7262795478758146,0.6816057921511073
-2.6838466440282946,0.5747099323140378,0.49289239471168395,1.189553733330162,0.43934951391591376,1.632042380968026,-1.5266724984482596,-0.10912102715185514,0.5660281763570214,0.805143592602938,0.6675363694630951,0.5997049325365215,-2.8860500146136907,-1.4850282239105992,-0.23087810266805822,0.5389086356485071,-0.6696680563408022,0.6823119592613212,1.8572646806828315,0.6238818954966795,-0.7377650536821813,0.8290667739080164,-1.6083764758243693,0.49167098312916,0.3373174582236307,0.3268978748735695
-1.6549240390472444,2.0505525162068987,-0.5822076309346413,-2.61524815392353,1.3248372387000007,1.0207551789615739,0.8854921868523457,1.5432119292624094,-2.000824349118723,-0.7837906331738129,0.2800182738537886,-1.778685561749972,-0.5323621739057794,0.025531573704215486,-1.3414842811249426,1.0634690454137448,0.08534252669019435,0.35117304720349674,0.3581538625936468,0.544440761719362,-0.03845728133974135,0.6617500846932065,0.16551054810885885,0.25679565765017087,0.6762384618495392,-0.8204597812436881
0.6260175394488519,-0.07080690744334944,-0.9866769377337802,0.6048425666565616,-1.750524696236742,0.43085413566378883,2.09933839502439,-0.35484805604817315,0.10380669647528944,0.9010546511144998,-1.911103901035904,-0.7405231751093208,0.2538498527482891,-1.1622392731515527,-0.36846570167782783,-1.69121482022881,1.032462409242143,0.029260471517427788,1.1215680218801245,0.6793613456173763,-0.44265486135665205,-2.0082249600663014,1.4516883643634313,1.5235226458413997,1.0217046486204864,0.9947778061180685
-2.180080708867522,1.518355246248872,-1.2713417804261864,-0.3771453013363628,1.324093420530845,0.56389217357044,0.30072894130001243,-0.9850884345146069,-1.197996712877012,-0.9261047318155097,2.2131200578774126,-0.3446042299486569,-1.300391250873502,0.0862355298571141,-1.497360158669272,0.7562267201623252,0.5758089442941676,1.3512647652359817,0.5763908092068678,-0.3109227408889026,-1.0349159619519923,-0.1415259379166247,0.7559645498025782,1.41345768132936,0.6437528440292977,-0.4493924236683631
0.6250331368377787,0.24281053368031738,-0.0048915037998538795,0.8983078517481171,0.36503022939055724,1.7628491252073044,0.1446652102328907,1.0740569041693975,-0.7694731588424406,-1.1433705491065966,0.3928357625381565,-1.217580844159189,-1.3857901274088769,0.6242895942861387,0.4976069089113371,0.8096971152597394,-0.6290670668926349,1.273764293567262,-1.3228579180780482,0.05437777264150263,-0.9675134543258616,-0.863546740270344,1.1574954701758875,-0.7294946679183596,-0.6917017372901856,0.34371846362016345
-0.08099181174911745,2.0692214251437795,-0.9931745099847111,-0.4927591007979911,0.29735264033931674,-0.649819300915244,1.0542644995305739,1.091749259540635,-1.2193461216707966,-0.7986775600558288,-0.7348969306236924,-0.8133099025766493,0.8506082534016028,-0.5455110455466022,0.2757328262466799,0.43826540561259736,-0.007371474177055191,-1.5411409428494927,0.7379988875464124,-1.0146505530662757,0.9737126707589497,0.7992556264371863,-0.1352713635774236,-0.4252563398416412,1.1762131906368356,-0.17319476533337075
-0.09620599943421507,-0.7968410868592941,1.0252665524395204,-0.32151075276203395,0.8210056270495935,-0.6469666477574886,-1.4171948856573984,-1.2084552429255118,0.0526265978548663,0.4647712202908237,-0.7259979036853906,1.1439809270563632,0.6903191869678469,-0.11944358112358386,1.5820796957659022,-0.6150916697099067,-1.7144864684465637,0.5100531007957482,-0.18581962328373877,0.7539087845911019,1.46565535482491,0.013811176408943224,0.9996006154158055,-0.6595758723867351,-1.1155787649620368,-0.6121306722038576
0.5510170077371731,-1.276383391991736,-0.7861242778784346,-0.7718487919121472,0.2423988187589633,0.32324416017574925,0.4504823789495918,-2.075013747208075,0.40438608160468587,-0.2808354138550276,0.8085956186461636,-0.9897267907049732,0.9352681900566543,-0.5227382850481841,-1.0059380360143433,0.070323540221097,1.339866850370325,1.6179018424916913,-0.4705556814908387,-1.9390730911838663,1.9628914829177113,0.3778120087625253,-1.2431192994587918,1.5937425493334327,-0.28125137631880737,1.2909294895860706
1.1031434228971422,-0.4826067034374983,-0.45387095939367417,-0.5178780882467998,-0.1811781214802567,0.690899359424597,-0.31903030524388853,0.9031104477783873,0.9396787160760053,-1.626321118663054,0.81677225745484,-1.6541556605527796,0.752949493476036,1.0727525047766104,-0.6913012714581863,-0.23249092887996037,0.4601188028338135,0.8310184580608664,0.6601094856029484,-1.590793098765104,-0.21075252031133895,-0.6450638366770738,-1.0563866534990631,1.3546379647423368,-0.2073383959361073,0.12366831738233058
0.7448456873885925,1.0872505984713479,0.7749555950679141,-0.20625318828432335,0.16228818696944092,-0.3516968339738711,0.6517443437208541,0.020953441598743235,-1.8116976856308695,-2.4761754380622536,1.3577814060280138,0.23329424154229014,1.7823517122918038,-0.24124548635181797,0.6337960043454977,-0.07453539061569366,0.8561002121533592,0.7525960925803897,0.358885454296229,-0.8913573782728299,0.9156592927761253,-2.532359382959641,0.7637551151136674,-1.6016219303799815,-0.9614363446806623,0.26552602937055203
-1.350731563521764,0.806647593582058,-1.9761044983972273,0.8032278867966983,1.1763443595813843,0.4949929170355621,-1.1009536544602245,-0.07988847347718814,-0.6430786225632378,-0.9526140714121009,-0.5311390891477938,-1.7997064226399906,1.0380334836007137,1.256612084116652,0.7046310421793542,1.2112013933698584,0.10041287588477987,1.0855637436764614,0.5355026163802298,1.5320523662987708,-1.482115721485441,-0.8142739728853361,0.3365370372429022,0.35994137089994455,-1.0009121476987675,0.04743173341521308
-1.0306597533393929,0.5984711097204347,1.4717446518589141,-0.46991697825308637,0.05155200192463223,1.0223480812083559,0.2652925507350263,0.9810490917913742,0.256999449698836,-0.5856615548975143,0.9161204006543743,1.13383652277391,0.3268474796234723,0.897198535926717,0.8619187685349502,-0.18544898997295545,-0.5375340294111371,-0.03964558862402624,-0.7430240627977933,-0.7797364385162745,-0.12561833373922726,-0.4610319043156038,0.4209431440770256,-1.9147723766130385,-0.514112540336542,-2.1954784879503286
-0.874860955876086,1.5504504889172501,-1.0596858171851766,-1.702196314305427,1.607999930978157,0.9889347984069708,0.5646912965582291,-1.383402718873958,0.6521891428349477,0.9512400844449042,-1.6086150874202263,-0.8412338900684102,0.014299142088565156,-1.170387841861659,0.7384136014115269,0.16708371875581346,0.5191979744231051,-1.965945313643129,1.4780893535538866,-0.19169820779447413,0.7072873511659742,0.6018577052210634,0.07901623055903491,-0.1937339975685417,0.1090791774399757,-0.6129107399162584
1.0649581048209538,-1.9167946093058705,1.1585056325101917,0.028737220454132933,-0.18804692927936142,-1.2439334728528832,-0.6516767401304058,-0.9901849947412577,0.9961128173237804,0.08376967422444728,-0.514756134416583,1.820860226736482,0.09233413403150917,-1.1497193259766825,-1.5826816496818845,-1.075042444289267,-0.1484419135636102,0.6921033893177033,-1.6306859505719442,0.8992982147449978,1.2817523233778687,0.5056504133816505,-1.6740491674045404,1.1308878179270518,1.8028361762602205,1.4036625275264527
-2.788966551496168,-0.22277595237755085,0.18391284559490828,0.16936058773176924,-0.697669504287339,2.1471677631811756,-0.25031397439351244,-1.0698128800796016,1.087197475793409,1.6624194829206083,-0.8923988819928587,-0.18971160522112934,-0.42373235526675895,-0.07323777223784804,-0.10151852973730299,1.8303306599572733,0.7918722071625642,-0.12393970128004285,-0.2506269595130678,1.3328778150695528,-0.18662563381378505,-0.32943779891930425,0.17963226905230345,-1.7539767994859707,1.2479700081479115,0.05766579161250592
-0.5079309320243621,-1.031337030751559,-1.102057478951749,-1.0799840917256758,-1.5377396829070265,0.7443201142514948,-0.527086042502015,-0.2839468034177195,1.0913726991260924,1.717759746671361,-0.29717871342651686,0.6506195478899088,0.8275471970116046,0.49570637656614297,-0.9816440706883262,0.5531014941602505,0.25065092952827195,0.6042284617442373,-0.4500498990591633,0.5153652372095603,0.09607202881782828,-0.18602365433816748,-0.40371480446314584,0.5970523311027606,0.34211702899322444,0.9002100087936739
-1.4231042019659128,-1.2892571564046187,-0.9092706303185047,-0.6324391775057046,-0.9368264498570711,-0.4795955706494872,1.205589688775825,-1.0825301677401,0.730415683935074,0.7793831231380774,-0.3678393801825418,1.1172308619073534,0.2742570694703681,0.005723863224861259,-0.6671028397724719,-0.32237473448127035,-0.24492468055202896,1.0805176704814883,2.0085606103585305,0.011882689121593381,-0.2049645117454977,-0.5196125190658498,-0.14134362793078148,-0.25314275042490014,2.4576489591809647,-1.304253011317667
-0.15575110697415656,-0.23762327122190927,-0.6748491201448604,-0.097002252505326,-1.7416038764952686,-1.667592195094824,0.7776170493981824,0.5759218319999846,0.09724603816779447,0.5341971740931769,-0.04829252497103263,-0.2586538951727612,0.5758254976556412,-1.1751623588402926,-1.3077379877920015,0.30039080674638213,0.9261404127493845,0.06288059694962443,0.09622023688825374,-0.4909432290152788,1.6257548295911946,1.1230013537587729,0.5456273208015541,-0.22080143770932742,1.6324427794728986,-0.36318644376179526
-0.8244393599063576,0.4640265962770642,-0.4491323415532836,-0.7251858204742115,-1.2976124305553018,1.3754620883902802,1.547943385050442,2.3671803196072716,-1.3100331782908083,0.9035668348161805,-0.6322194128750285,0.04992223119297373,-1.0507158662217255,-0.967097807964191,-1.127111794589094,-1.0235594387686449,-0.26295486898114206,-1.9188015324331535,0.11414568813681894,0.6425129399091167,1.4461655424921092,0.11956574372266032,-0.858752128874016,-0.5762466399807069,2.5474615240163323,0.3919633955731334
-0.8177369200242878,1.4412953695632786,-0.24255605787917364,1.2717668248621379,0.14711433083681233,0.5445166448759573,0.5634364233388053,0.5035459473991717,-1.050698427740215,-1.2824229027306115,-1.8317958689016807,-0.8128370974859197,1.0178785015745497,-0.765588474567033,1.3991930240243795,1.4994607658875831,0.3344556646285504,1.7303728778930916,0.014930824532970573,0.32688335932141366,-1.350785530074994,-1.433505534765312,-1.0810894529571773,-1.3442343913451453,0.3598824596392411,0.5508721624226173
-0.29229904960695224,-0.14377109683561026,-0.022832109512506454,-1.9026051042079293,-0.19135218770698967,-0.42923714420967224,-0.18698728066518566,0.4453362556195472,1.7867950409374866,0.28366649413811934,-2.2721729873554737,1.6150367078857122,-0.7595344781864592,-0.4081382376647354,-0.5536046652166714,-1.6153445954473433,-0.8742690253162093,-0.6546480523549159,1.7495673110199448,1.037572671180968,0.053669606849124245,0.3887314460085048,-0.6834700246982236,1.0897586881878891,1.3095069944918747,1.3330948765043085
0.4801857876296534,-0.9890738160963853,0.12626712515987495,0.3268765778336571,-0.8139193302556793,0.9521314826377737,1.0359432725933575,0.7844302401524866,0.8298408477888772,-0.2238874209357856,-0.260701895379793,1.4257014822408896,-0.4314770897596592,-0.5558391042588907,-0.36949821058584975,0.9249032188177473,0.34467705542862853,-1.149134414758752,-0.30652216313567787,0.1324574554155866,-0.7876928987398668,-1.2521459320071844,-0.7053238708913546,-1.2043660077595968,1.6273353398876864,0.5685649361300935
-0.9772524960515173,1.5572875905689043,-1.7709244133406776,0.2575779203456434,0.1752868142862984,-0.31571503508880483,-0.7686514487768669,1.9258386391803282,1.0647192191563943,-1.2952109723108702,-0.02534600667315043,0.5823969467425206,0.08689317577656037,0.5450386674758599,-0.1284879995585458,-1.332486639699672,-0.4301397225931313,0.001913725342870323,1.5446952835365066,0.46776337152308106,-0.608802489817301,-1.0645978037686559,1.6276122286122534,1.031146985711466,-0.9375147188854143,-0.6044402065267042
1.0056769674384056,0.38365027618845704,0.1146355646506338,-0.43697897969891963,-1.5405890418240888,0.6629501871458269,-1.2341793947049353,1.2794151410751664,0.4845810681779092,-0.7585151496286505,0.19224611869429833,0.5502132343795404,0.4950279209068723,0.7095403867761811,0.26109696285560907,1.1354112202331461,-2.4261497680265327,0.8513116490611543,-0.02021231334738389,-1.7146167940984662,0.5921978880834784,-0.5115009529439135,-1.0500190284923072,0.3032299273747452,-0.18730606112627862,0.5163230880788358
-0.3902847167819916,0.6249202745505981,-0.09872701886104139,0.36886549828075976,0.6002411253689558,0.7068784018834867,1.2781313128905263,-1.683609789850147,0.31609579435794044,0.7018566557377075,-1.2227693203990582,-2.574609809528771,-0.9265007976844865,-1.9862174964060184,-0.027227371032688356,1.4330744303500107,2.2346699634497673,-0.2923658320906197,-0.08091876583203549,0.45056242268520036,1.1674232792982093,-0.4597646048202404,-0.8354070825097832,-1.6984617852789272,-0.2862326821187214,1.4310968821573966
1.8929110211901783,2.003674187807341,-0.6519366060790748,0.18564246475838886,-1.2312951660216414,0.009455060911460294,1.9854871149139877,1.670698945129134,-0.8322704603221,0.4621953048446932,-0.9350985880218957,-1.5078345452489534,-0.4206371236120684,-1.2700014314120192,-0.4059201818758672,-1.625443758338599,0.5391563321650554,1.5280170361231626,1.5614105806104286,-1.2820486997566192,1.3621916214070164,-1.300475517322896,-1.1571510587946063,0.6975641073106513,-0.08522772507772906,-0.5467736675718887
0.3116815504876254,-0.770239405019593,-0.5467518477514121,2.7407371508611096,-0.6432097465175928,-1.40162363668267,-2.7443315216114152,0.39571178720021016,-0.7998056062496327,0.6474882383198958,-0.551180760978189,-0.5836855180354945,-0.3382665468870473,1.7942651449092497,0.5821073551161355,0.31285555925326836,2.360722893791065,1.2264980202729228,-1.0273916099654452,-1.014237294411055,1.4572319830776403,0.11057482115168263,1.124912870224664,-1.6330239707311602,0.7027568058913991,-1.4748699087221853
-0.9521992558235005,-0.0924401954658206,0.36828582180652497,-0.5320983626278679,0.37331582216939757,2.089292124401034,0.12297969242500813,0.17414268394239188,0.5929716035071082,1.217664087840394,0.8287379382144925,0.5137665420430034,-1.565660335740999,-1.3911982212614376,-1.6327829205376896,-1.818481938593676,-1.0384268878776104,-1.016589068891541,0.5258457532304507,1.4674691166507166,-0.40861595439307147,-0.13668156393294123,1.0310568316580735,0.0841198044076445,1.113375103167386,0.5604452820372278
-1.8709500318428527,-1.2961336422709218,-1.9389478531307267,-1.4701603019535514,1.1081723297876733,-0.819301950787267,-0.6067276709762249,0.7902231070839396,0.48328383449415757,-0.019794282013118652,1.228962372888012,1.1150581401396313,0.9946254201012042,-0.12026146183863884,-0.9734844551324905,1.296134417108279,-1.094594011233327,1.5548900648883968,-1.7680267595331793,0.7629935672028424,0.2962927600346129,-0.18805549894104748,1.6907282182812178,0.02750636460342002,-0.028794061453844364,1.0752680585232772
1.8353256762888583,-0.9749046198918118,0.5895242327674056,-0.8994501608614662,1.0327423061244005,1.6719049880861734,2.0320528178381463,-0.4528999031771301,0.3677392688833294,-0.8582500398956036,-1.3751046418212483,-0.2140524839320477,-1.4841616451641064,-2.2737755470002745,-0.003918405390702022,2.17823481361571,1.4990489490143797,1.8233160291713872,-0.02421083251782362,-2.2821332652551534,-0.3637012272598085,-0.5354903841030573,-0.5309014021398607,-1.1314552651138428,-0.5820703969034258,-0.1379749862317327
-2.520239357442505,0.854623311336202,0.40201071482621603,-0.693629254742958,0.17187721795283065,-0.01852395315176448,-1.4545402268868153,-0.7269663830674322,0.673680590881616,-1.494747386916229,1.474342188864511,0.918381851095868,0.7874192004842261,-1.7349090637499516,-0.9548518941066271,1.1916788724225869,0.24916513597902673,0.31949681190092094,-1.7240282106121123,1.0260766516211812,1.2769419106315845,1.0392364143694834,-0.05221786239481488,-0.9158582760587254,1.0540899005925954,0.997189455603554
0.8671454883852172,0.5559031547723458,-1.82116540602275,0.8759412652707222,-1.6484282790889815,-0.5167545876863049,0.7561573734780676,1.0342242749440322,-0.306688683229413,-0.4747947841392423,0.3736781920556634,0.08729186477655715,0.9555362955681903,1.166350789771925,-0.879072051222755,0.5822768258500979,-1.1618449588052508,-0.3468237841104762,-0.6371119348782337,-2.963114393957307,0.7631431410518571,0.49470136936794074,0.9022001959001938,1.0983979512829138,1.6625720548355636,-1.5288066905866748
-0.023724408807912854,1.6316967010131143,0.6537810469944688,0.804405114296689,1.2579275557013438,1.496534745616864,-0.3481230070241122,0.22132774336391328,-0.7323791036821906,0.12353671682843169,0.2102859811882319,-1.219480856522564,-1.6318367686083148,1.1801581299850377,0.7170324014841034,0.3895527816897281,-1.2450871325338717,0.6736141305268366,2.1093529712889683,-0.8260962973444248,-0.07382938239648308,-1.3942217696187609,-1.5135255780605175,-0.9588597813089016,-0.4106812815659679,-0.30184882385629513
-0.046827915105256725,0.9600025347580291,-1.3365479194211392,0.7930626386560339,-0.7543929426514592,-2.2226850741779454,-1.4355946722514719,0.9842315964806908,0.15567210098377945,-0.03203459255607613,-0.5812257305526304,-0.38584653816576964,0.32696723149287915,1.0967317915630612,-0.7180405322262118,-0.4331729863639701,-2.3757606058184577,0.4852248199884009,-1.6112227302431166,0.14688710192447274,1.9751429109066756,1.2875616456734136,1.0191829209909264,0.1508932762633691,0.2361714200408772,1.9321416834910312
0.09987929152605587,1.6985071544348738,0.9238638480025833,-0.506933436686427,1.4046183710705558,0.31712643893835746,0.38829233794242013,0.5086890875333391,-1.4952303786680978,-0.8042997235616538,-0.6362021380687091,-0.7725681049792562,1.7869389749433828,-0.5419674817239901,0.6320571685925822,0.8491667538191596,-0.632034486761073,0.018262985939871464,-0.5416578727542419,-0.42702709842125525,0.7553994479918673,-1.1347919221316194,-0.6340997546369824,-1.0185778126636653,-0.3425942148457916,0.44146427514996844
-1.2722772405042395,-0.3677299762680078,0.13091477666149337,-1.6794350477129938,0.5108943421903939,0.7287661172054762,-2.052517469606823,1.5730507951563024,1.4533185965961526,0.4763988290301673,0.18193540922995666,1.126587002139462,-1.5950171478999904,2.0438795358559907,-1.1825890137947161,-0.5371231323314604,-1.803372018534095,0.4501257081463524,1.708314816704537,1.0775367288947617,-0.437876000634712,0.23248028722527453,-1.1045510353701429,0.650117421024351,0.7455026773488606,-0.8902040651020596
2.0941015337550968,0.4823151582916202,-0.182490519956453,-2.1497256224188814,1.1991974136810941,0.3375936131405246,0.340197112382057,0.029170469066992596,-1.1260473653968301,-0.2465245919199593,-0.7781001569709697,-0.37092009731830533,0.9046537792586047,-0.34178396437276054,-1.2739301088635593,0.12221460388080645,0.2272963081295702,-0.2156379083572505,-0.34497510417360105,-2.8429204808793993,1.0762040257742678,0.2482665610869072,1.273076221130289,0.3543118072006021,0.7275037086408751,1.0326181464049253
-0.3295322038795798,0.28783447001539436,0.11721681005158957,0.2761033553940801,0.1793528818702268,0.20561478008995143,0.4934754444279626,0.7034248292848665,1.2587145552761583,0.5040060328616166,0.6779567052360597,1.245004174819552,-1.0838956076224926,-0.7706601864571951,-1.115237945070831,-0.839813675094354,-1.5588176116928985,-0.18631340797189855,0.052047925175216975,1.2113580585620134,0.6113555323618495,-1.9772462624270348,-1.9154404725097953,1.6839061989684199,-0.04279508606871414,1.0846614144459694
